timestamp tx ty tz qx qy qz qw 
1305033527.6662 1.4906 -1.1681 0.661 0.8959 0.0713 -0.046 -0.4361
1305033527.6961 1.4912 -1.1755 0.6596 0.8965 0.0693 -0.0443 -0.4353
1305033527.7262 1.4917 -1.1836 0.6583 0.8992 0.068 -0.0428 -0.4301
1305033527.7661 1.4925 -1.193 0.6564 0.9005 0.068 -0.0408 -0.4275
1305033527.7961 1.4934 -1.1998 0.6552 0.9021 0.0681 -0.039 -0.4244
1305033527.8261 1.4945 -1.2057 0.6546 0.9037 0.0667 -0.0376 -0.4213
1305033527.8661 1.4959 -1.2127 0.6539 0.9053 0.062 -0.037 -0.4187
1305033527.8962 1.4972 -1.2165 0.6535 0.9056 0.0579 -0.0365 -0.4186
1305033527.9361 1.4984 -1.2213 0.6528 0.9062 0.0509 -0.0369 -0.4182
1305033527.9661 1.4992 -1.2241 0.6523 0.9069 0.0475 -0.0362 -0.417
1305033527.9961 1.4996 -1.2272 0.652 0.9081 0.0448 -0.0355 -0.4148
1305033528.0361 1.4998 -1.2294 0.6513 0.9085 0.0427 -0.0356 -0.4142
1305033528.0661 1.4996 -1.2301 0.6512 0.9089 0.0421 -0.0355 -0.4134
1305033528.0961 1.4996 -1.2299 0.651 0.9092 0.0412 -0.0354 -0.4129
1305033528.1361 1.4995 -1.2281 0.6513 0.9095 0.0393 -0.0349 -0.4123
1305033528.1661 1.4996 -1.2255 0.6518 0.9089 0.0383 -0.0347 -0.4138
1305033528.1961 1.4999 -1.2217 0.652 0.9082 0.0371 -0.0361 -0.4154
1305033528.2361 1.4998 -1.216 0.6514 0.9076 0.0363 -0.0394 -0.4164
1305033528.2661 1.5005 -1.2113 0.6504 0.9078 0.0372 -0.0389 -0.4159
1305033528.2962 1.5011 -1.2055 0.65 0.9074 0.0392 -0.0368 -0.4168
1305033528.3361 1.5024 -1.1977 0.6491 0.9073 0.0408 -0.0343 -0.4171
1305033528.3661 1.5034 -1.1916 0.6487 0.9077 0.0413 -0.0348 -0.4162
1305033528.3961 1.504 -1.1848 0.6485 0.9066 0.0409 -0.0348 -0.4186
1305033528.4362 1.5056 -1.1743 0.6483 0.9057 0.0421 -0.0342 -0.4204
1305033528.4661 1.5066 -1.1664 0.648 0.9059 0.0431 -0.0344 -0.4199
1305033528.4962 1.5078 -1.1575 0.6475 0.9057 0.043 -0.0358 -0.4202
1305033528.5361 1.509 -1.1449 0.647 0.9052 0.0454 -0.0378 -0.4209
1305033528.5661 1.5103 -1.1347 0.6469 0.9045 0.0488 -0.0387 -0.4218
1305033528.5961 1.5115 -1.1239 0.6468 0.9035 0.0518 -0.0398 -0.4237
1305033528.6262 1.5133 -1.1132 0.6468 0.9029 0.0549 -0.0418 -0.4242
1305033528.6661 1.5162 -1.0985 0.647 0.9037 0.0542 -0.0447 -0.4223
1305033528.6962 1.5189 -1.0869 0.6473 0.9032 0.0528 -0.0455 -0.4235
1305033528.7261 1.5215 -1.0751 0.6475 0.9032 0.0515 -0.0471 -0.4234
1305033528.7661 1.5255 -1.0595 0.6478 0.9036 0.0517 -0.0486 -0.4225
1305033528.7961 1.5286 -1.0478 0.6481 0.9037 0.0499 -0.0485 -0.4225
1305033528.8361 1.5327 -1.0319 0.6484 0.9037 0.046 -0.0497 -0.4228
1305033528.8661 1.5359 -1.0199 0.6486 0.9043 0.0446 -0.0509 -0.4214
1305033528.8961 1.5388 -1.0077 0.6486 0.9043 0.0444 -0.0519 -0.4214
1305033528.9361 1.5427 -0.9914 0.6482 0.9037 0.0435 -0.0525 -0.4228
1305033528.966 1.5457 -0.9794 0.6478 0.9039 0.0432 -0.0511 -0.4225
1305033528.9961 1.5484 -0.967 0.6472 0.9034 0.0425 -0.0493 -0.4238
1305033529.0361 1.5517 -0.9506 0.6471 0.9035 0.0439 -0.0488 -0.4234
1305033529.0661 1.5538 -0.9385 0.6474 0.9036 0.0461 -0.0477 -0.4232
1305033529.0961 1.5556 -0.9264 0.6482 0.9026 0.0467 -0.0474 -0.4252
1305033529.1361 1.5574 -0.9091 0.6497 0.9012 0.0481 -0.0481 -0.4281
1305033529.1661 1.5588 -0.8964 0.6507 0.9009 0.0473 -0.0491 -0.4287
1305033529.1961 1.5601 -0.8833 0.652 0.8998 0.0467 -0.0482 -0.431
1305033529.2361 1.5615 -0.8656 0.6539 0.8992 0.046 -0.0465 -0.4326
1305033529.2661 1.5626 -0.852 0.6548 0.898 0.0452 -0.046 -0.4351
1305033529.2962 1.563 -0.8383 0.6563 0.8972 0.045 -0.0463 -0.4368
1305033529.3261 1.5637 -0.8245 0.658 0.8963 0.0455 -0.0453 -0.4388
1305033529.366 1.5642 -0.8064 0.6597 0.8948 0.0439 -0.0433 -0.4422
1305033529.3961 1.5645 -0.7926 0.6609 0.8939 0.0439 -0.0426 -0.4441
1305033529.4361 1.5644 -0.7743 0.6628 0.8931 0.0443 -0.0422 -0.4456
1305033529.4661 1.5641 -0.7607 0.6643 0.8925 0.0448 -0.0417 -0.4469
1305033529.4962 1.5637 -0.7468 0.6658 0.8909 0.045 -0.0408 -0.4501
1305033529.536 1.5628 -0.7285 0.6674 0.8898 0.0435 -0.0404 -0.4524
1305033529.5661 1.5618 -0.7144 0.6689 0.8909 0.0435 -0.04 -0.4504
1305033529.5961 1.5608 -0.6999 0.6694 0.8907 0.0418 -0.0399 -0.4509
1305033529.636 1.5592 -0.6804 0.6694 0.8905 0.0423 -0.0386 -0.4513
1305033529.6661 1.5582 -0.6659 0.6689 0.8913 0.0403 -0.035 -0.4502
1305033529.6961 1.557 -0.6511 0.6688 0.8916 0.0397 -0.0319 -0.45
1305033529.7361 1.555 -0.6312 0.669 0.8909 0.036 -0.03 -0.4517
1305033529.7661 1.5533 -0.616 0.6695 0.8904 0.032 -0.0298 -0.4531
1305033529.7961 1.5514 -0.6004 0.6703 0.8901 0.0269 -0.0326 -0.4539
1305033529.8362 1.5492 -0.5805 0.6706 0.8895 0.0188 -0.0351 -0.4552
1305033529.8661 1.5478 -0.5665 0.6708 0.8901 0.0152 -0.0346 -0.4541
1305033529.8961 1.5463 -0.5524 0.6706 0.8902 0.0146 -0.0333 -0.4541
1305033529.9361 1.5442 -0.5336 0.6706 0.8903 0.0163 -0.0331 -0.4539
1305033529.966 1.5427 -0.5198 0.6704 0.8906 0.0187 -0.0332 -0.4533
1305033530.0061 1.5414 -0.5003 0.6707 0.8896 0.0207 -0.0328 -0.455
1305033530.0361 1.5408 -0.4853 0.6705 0.8891 0.0198 -0.033 -0.4561
1305033530.0661 1.5405 -0.4699 0.6705 0.8885 0.0196 -0.0334 -0.4572
1305033530.1061 1.5403 -0.4496 0.6707 0.8883 0.0212 -0.0336 -0.4575
1305033530.1361 1.5401 -0.4339 0.6705 0.8887 0.0224 -0.0337 -0.4567
1305033530.1661 1.5404 -0.4178 0.6699 0.8887 0.0232 -0.0341 -0.4567
1305033530.2061 1.5413 -0.3959 0.668 0.8886 0.0248 -0.0357 -0.4566
1305033530.2361 1.5423 -0.3792 0.6663 0.8889 0.0256 -0.0353 -0.4561
1305033530.2661 1.5432 -0.3621 0.6643 0.8883 0.0269 -0.0359 -0.4571
1305033530.3061 1.5448 -0.3392 0.6615 0.8883 0.0279 -0.0374 -0.4569
1305033530.3361 1.5461 -0.3219 0.6597 0.8884 0.0287 -0.0392 -0.4565
1305033530.366 1.548 -0.3049 0.6579 0.8886 0.0295 -0.0399 -0.456
1305033530.4061 1.5507 -0.2826 0.6564 0.8915 0.0312 -0.0376 -0.4505
1305033530.4361 1.5536 -0.2665 0.6552 0.8924 0.0318 -0.036 -0.4487
1305033530.4661 1.5556 -0.2499 0.6536 0.893 0.0314 -0.0376 -0.4474
1305033530.5061 1.5589 -0.2277 0.6519 0.8938 0.0313 -0.0388 -0.4456
1305033530.5361 1.5611 -0.2117 0.6504 0.8944 0.0316 -0.0377 -0.4445
1305033530.5662 1.5628 -0.196 0.649 0.8959 0.0341 -0.0364 -0.4415
1305033530.6061 1.565 -0.1744 0.647 0.8944 0.0375 -0.035 -0.4444
1305033530.636 1.5666 -0.1602 0.6459 0.8963 0.0402 -0.033 -0.4404
1305033530.6661 1.5669 -0.1433 0.6457 0.8926 0.0439 -0.0335 -0.4474
1305033530.7061 1.5677 -0.1238 0.6455 0.893 0.044 -0.0333 -0.4467
1305033530.7361 1.568 -0.1092 0.6452 0.8912 0.0419 -0.0341 -0.4504
1305033530.766 1.5685 -0.0955 0.6459 0.8919 0.0426 -0.0343 -0.4488
1305033530.8061 1.5687 -0.0771 0.6466 0.8902 0.0425 -0.0342 -0.4523
1305033530.8261 1.5688 -0.0684 0.6475 0.8902 0.0431 -0.0337 -0.4523
1305033530.8661 1.5686 -0.0511 0.649 0.8882 0.044 -0.0342 -0.4561
1305033530.9061 1.5685 -0.0346 0.6505 0.8862 0.0442 -0.0338 -0.46
1305033530.9361 1.5684 -0.0233 0.6514 0.885 0.0425 -0.0332 -0.4624
1305033530.9661 1.568 -0.0125 0.6522 0.884 0.0407 -0.0335 -0.4645
1305033531.006 1.5675 0.0007 0.6528 0.882 0.0409 -0.0343 -0.4683
1305033531.036 1.5666 0.0084 0.6533 0.8817 0.0415 -0.0336 -0.4688
1305033531.0661 1.5659 0.0149 0.6537 0.8815 0.0423 -0.0338 -0.4691
1305033531.1061 1.5644 0.0218 0.6538 0.8814 0.0415 -0.0344 -0.4692
1305033531.1361 1.5633 0.0253 0.654 0.881 0.0418 -0.0344 -0.4699
1305033531.1661 1.5621 0.0277 0.6541 0.8805 0.0431 -0.0353 -0.4707
1305033531.206 1.5601 0.0291 0.6539 0.8813 0.0411 -0.0369 -0.4693
1305033531.2361 1.5591 0.0286 0.6527 0.8819 0.0393 -0.0368 -0.4684
1305033531.2761 1.5574 0.0271 0.6514 0.8825 0.0382 -0.0371 -0.4673
1305033531.3061 1.5561 0.0247 0.6499 0.8834 0.0354 -0.0372 -0.4658
1305033531.3361 1.5554 0.0218 0.6485 0.8835 0.034 -0.0366 -0.4658
1305033531.3661 1.5544 0.018 0.647 0.8846 0.0306 -0.0363 -0.464
1305033531.406 1.5536 0.012 0.6456 0.886 0.0271 -0.0349 -0.4615
1305033531.436 1.553 0.0068 0.6447 0.8867 0.0244 -0.0331 -0.4605
1305033531.4661 1.5529 0.0013 0.644 0.8869 0.0223 -0.0309 -0.4604
1305033531.5061 1.5523 -0.0072 0.6434 0.8881 0.018 -0.0293 -0.4584
1305033531.5361 1.552 -0.014 0.6429 0.8878 0.0157 -0.0265 -0.4592
1305033531.5761 1.5532 -0.0261 0.6424 0.8923 0.0103 -0.0216 -0.4509
1305033531.6061 1.5536 -0.0349 0.6417 0.892 0.0069 -0.0186 -0.4517
1305033531.6363 1.5533 -0.0435 0.6422 0.892 0.003 -0.0145 -0.4518
1305033531.676 1.5527 -0.0566 0.6438 0.8937 -0.0033 -0.0078 -0.4486
1305033531.7061 1.5518 -0.0667 0.6451 0.8936 -0.0119 -0.0035 -0.4488
1305033531.7361 1.5504 -0.0769 0.6466 0.8934 -0.0211 -0.0022 -0.4487
1305033531.7761 1.5485 -0.0911 0.6483 0.893 -0.0336 0.0002 -0.4488
1305033531.806 1.5465 -0.1017 0.6497 0.8922 -0.0409 0.0039 -0.4497
1305033531.8361 1.5443 -0.1128 0.6506 0.8925 -0.0476 0.007 -0.4486
1305033531.8761 1.5407 -0.1271 0.6513 0.8911 -0.0538 0.0098 -0.4504
1305033531.906 1.5376 -0.1385 0.6513 0.8913 -0.0569 0.0128 -0.4497
1305033531.936 1.5348 -0.1491 0.6513 0.8916 -0.061 0.0175 -0.4483
1305033531.976 1.531 -0.1634 0.6517 0.8905 -0.0681 0.0213 -0.4494
1305033532.0061 1.5281 -0.174 0.6518 0.8896 -0.0751 0.023 -0.4499
1305033532.036 1.5256 -0.1854 0.6515 0.8891 -0.0831 0.0254 -0.4493
1305033532.0761 1.5216 -0.2012 0.6511 0.8894 -0.0931 0.0288 -0.4467
1305033532.0961 1.5196 -0.2087 0.651 0.8887 -0.0971 0.031 -0.4469
1305033532.1361 1.5157 -0.225 0.6514 0.8897 -0.102 0.0346 -0.4436
1305033532.1762 1.5121 -0.2406 0.6523 0.8893 -0.1067 0.0386 -0.443
1305033532.2061 1.5094 -0.2519 0.6535 0.8895 -0.1103 0.0393 -0.4418
1305033532.236 1.5073 -0.2631 0.6542 0.8893 -0.114 0.0412 -0.441
1305033532.2761 1.5051 -0.2778 0.6553 0.8895 -0.1192 0.0435 -0.439
1305033532.306 1.5037 -0.2887 0.6562 0.8894 -0.1211 0.0446 -0.4385
1305033532.336 1.5024 -0.2989 0.6572 0.8891 -0.1234 0.0458 -0.4385
1305033532.3761 1.5013 -0.3129 0.6582 0.8891 -0.1241 0.0472 -0.4381
1305033532.4061 1.501 -0.3235 0.6587 0.889 -0.1251 0.0486 -0.4379
1305033532.4361 1.5009 -0.3338 0.6596 0.8887 -0.1253 0.0504 -0.438
1305033532.476 1.5015 -0.3472 0.6607 0.8874 -0.1263 0.054 -0.4402
1305033532.5061 1.5018 -0.358 0.6615 0.8873 -0.1279 0.0555 -0.4397
1305033532.5361 1.5026 -0.3681 0.6623 0.8854 -0.1287 0.0575 -0.443
1305033532.5761 1.5029 -0.3839 0.6626 0.885 -0.1313 0.0591 -0.4428
1305033532.6061 1.503 -0.3955 0.663 0.8848 -0.1317 0.0604 -0.4429
1305033532.6361 1.5029 -0.4079 0.6633 0.8849 -0.1316 0.0627 -0.4423
1305033532.6761 1.5023 -0.4246 0.6639 0.8846 -0.1309 0.0647 -0.4428
1305033532.6961 1.5021 -0.4328 0.6643 0.8839 -0.1299 0.0662 -0.4443
1305033532.736 1.5018 -0.4497 0.6647 0.8833 -0.13 0.0682 -0.4453
1305033532.776 1.5016 -0.4672 0.6648 0.8831 -0.1313 0.0711 -0.4447
1305033532.8061 1.5018 -0.4814 0.6643 0.8836 -0.1348 0.0741 -0.4423
1305033532.8361 1.5023 -0.4948 0.6646 0.8833 -0.1397 0.0771 -0.4409
1305033532.8761 1.5031 -0.5121 0.6651 0.8818 -0.1494 0.0802 -0.4402
1305033532.906 1.5033 -0.525 0.6652 0.8815 -0.1571 0.0815 -0.4378
1305033532.936 1.5037 -0.5377 0.665 0.8809 -0.1635 0.0852 -0.4359
1305033532.966 1.504 -0.5499 0.6644 0.8802 -0.1695 0.09 -0.434
1305033533.0061 1.5042 -0.5654 0.6635 0.8799 -0.1781 0.0971 -0.4296
1305033533.0361 1.5043 -0.5763 0.6634 0.8801 -0.1869 0.1019 -0.4243
1305033533.0661 1.5039 -0.5861 0.6626 0.8782 -0.1975 0.1059 -0.4225
1305033533.0961 1.5039 -0.5953 0.6625 0.8756 -0.2092 0.1112 -0.421
1305033533.1361 1.5028 -0.6053 0.6637 0.874 -0.2246 0.1165 -0.415
1305033533.166 1.5022 -0.6123 0.6635 0.8701 -0.2355 0.1218 -0.4155
1305033533.206 1.5008 -0.6209 0.6636 0.8656 -0.2523 0.1304 -0.4124
1305033533.2361 1.4996 -0.6261 0.6635 0.8608 -0.2664 0.1369 -0.4115
1305033533.266 1.4978 -0.6314 0.6635 0.8561 -0.2807 0.1433 -0.4095
1305033533.3061 1.4946 -0.6375 0.6642 0.8495 -0.2996 0.1513 -0.4071
1305033533.336 1.4919 -0.6416 0.6652 0.8442 -0.3135 0.1586 -0.405
1305033533.3661 1.4884 -0.646 0.6668 0.8383 -0.3284 0.1669 -0.402
1305033533.396 1.4847 -0.6499 0.6681 0.8299 -0.345 0.1721 -0.4032
1305033533.436 1.4798 -0.655 0.6698 0.8194 -0.3676 0.1761 -0.4032
1305033533.4661 1.4758 -0.6586 0.67 0.8119 -0.3834 0.1782 -0.4026
1305033533.506 1.4702 -0.6643 0.6714 0.8056 -0.3977 0.1843 -0.3985
1305033533.5361 1.4661 -0.6689 0.672 0.7996 -0.4058 0.1911 -0.3992
1305033533.576 1.4603 -0.6762 0.6726 0.7934 -0.416 0.1988 -0.3974
1305033533.606 1.4559 -0.682 0.6726 0.7895 -0.4247 0.2026 -0.394
1305033533.636 1.4515 -0.6883 0.6717 0.7845 -0.4322 0.2074 -0.3935
1305033533.6661 1.4471 -0.6946 0.6711 0.7809 -0.4385 0.212 -0.3911
1305033533.6962 1.4427 -0.7007 0.6705 0.777 -0.4455 0.2164 -0.3886
1305033533.736 1.4363 -0.7091 0.6697 0.7726 -0.4535 0.2219 -0.3851
1305033533.766 1.4315 -0.7154 0.6694 0.7687 -0.4589 0.227 -0.3833
1305033533.806 1.4245 -0.7233 0.6696 0.765 -0.4658 0.2328 -0.3789
1305033533.8361 1.4191 -0.7294 0.6695 0.7598 -0.4719 0.2366 -0.3796
1305033533.876 1.4111 -0.7378 0.6694 0.7539 -0.4818 0.2412 -0.3758
1305033533.9061 1.4048 -0.744 0.669 0.7486 -0.4888 0.2458 -0.3746
1305033533.9361 1.3982 -0.7502 0.6688 0.7441 -0.4952 0.2493 -0.3729
1305033533.9661 1.3911 -0.7559 0.6691 0.7396 -0.5003 0.2533 -0.3721
1305033534.0061 1.3811 -0.7635 0.6697 0.7337 -0.5065 0.2588 -0.3717
1305033534.0361 1.373 -0.7695 0.6709 0.7286 -0.5119 0.2641 -0.3707
1305033534.0661 1.3651 -0.7752 0.6721 0.7226 -0.5164 0.2691 -0.3725
1305033534.106 1.3533 -0.7831 0.6736 0.7156 -0.5244 0.2733 -0.372
1305033534.136 1.3438 -0.7893 0.6744 0.7107 -0.531 0.2761 -0.3698
1305033534.166 1.3337 -0.7952 0.6752 0.7064 -0.537 0.2796 -0.3665
1305033534.206 1.3196 -0.8033 0.6759 0.7001 -0.5456 0.2838 -0.3629
1305033534.236 1.3084 -0.8093 0.6765 0.6966 -0.5519 0.2846 -0.3594
1305033534.266 1.297 -0.8145 0.6773 0.6928 -0.5581 0.286 -0.3561
1305033534.3061 1.2819 -0.8215 0.6782 0.6876 -0.5625 0.291 -0.3551
1305033534.336 1.27 -0.8272 0.6789 0.684 -0.5635 0.2957 -0.3566
1305033534.366 1.2578 -0.8319 0.6796 0.6826 -0.566 0.2966 -0.3547
1305033534.406 1.2418 -0.8383 0.6801 0.6793 -0.5701 0.2999 -0.3515
1305033534.4361 1.2295 -0.8427 0.6796 0.6759 -0.5751 0.301 -0.349
1305033534.466 1.2173 -0.8464 0.679 0.6751 -0.5814 0.2986 -0.3423
1305033534.506 1.2014 -0.8514 0.6782 0.6692 -0.5892 0.3015 -0.3378
1305033534.536 1.1897 -0.8548 0.6775 0.6656 -0.5942 0.3028 -0.335
1305033534.576 1.1742 -0.8586 0.6767 0.6601 -0.6001 0.3072 -0.3314
1305033534.606 1.1622 -0.8598 0.6768 0.6572 -0.6075 0.3072 -0.3236
1305033534.6363 1.151 -0.8615 0.6771 0.6489 -0.6124 0.3132 -0.3254
1305033534.676 1.1351 -0.8632 0.6775 0.6396 -0.6187 0.3194 -0.3258
1305033534.706 1.1234 -0.8617 0.6776 0.636 -0.6248 0.3184 -0.3221
1305033534.736 1.1104 -0.8616 0.6781 -0.6296 0.6307 -0.3216 0.3199
1305033534.766 1.0977 -0.8607 0.6788 -0.6237 0.6364 -0.3247 0.3173
1305033534.8061 1.0802 -0.8585 0.6794 -0.6151 0.6435 -0.329 0.3152
1305033534.836 1.0671 -0.8567 0.6797 -0.609 0.6494 -0.3311 0.3128
1305033534.876 1.0494 -0.8536 0.6791 -0.601 0.6556 -0.3353 0.3107
1305033534.906 1.036 -0.8508 0.6782 -0.5965 0.6594 -0.3381 0.3083
1305033534.9361 1.0223 -0.8477 0.6769 -0.5915 0.6635 -0.3419 0.3049
1305033534.9761 1.0037 -0.843 0.675 -0.5845 0.6702 -0.3446 0.3007
1305033535.0061 0.9893 -0.8394 0.6732 -0.5782 0.6765 -0.3448 0.2986
1305033535.0361 0.9746 -0.8356 0.6709 -0.5725 0.682 -0.345 0.2969
1305033535.076 0.9547 -0.8304 0.6679 -0.5674 0.689 -0.3454 0.2899
1305033535.106 0.9401 -0.8265 0.6658 -0.5637 0.6936 -0.3459 0.2855
1305033535.1361 0.926 -0.8224 0.6639 -0.5597 0.6974 -0.3459 0.2841
1305033535.1761 0.9069 -0.8172 0.6624 -0.5579 0.7017 -0.3434 0.2802
1305033535.2061 0.8936 -0.8135 0.6615 -0.5559 0.704 -0.3433 0.2784
1305033535.2361 0.8807 -0.8096 0.6607 -0.5555 0.7051 -0.342 0.278
1305033535.2761 0.8649 -0.805 0.6599 -0.5534 0.7072 -0.3415 0.2774
1305033535.3061 0.8529 -0.8022 0.6589 -0.553 0.7096 -0.3394 0.2745
1305033535.336 0.8421 -0.8 0.6585 -0.5532 0.7111 -0.3386 0.2715
1305033535.376 0.8285 -0.798 0.6581 -0.551 0.7129 -0.3399 0.2696
1305033535.4061 0.8192 -0.7969 0.6582 -0.5496 0.7148 -0.3387 0.2688
1305033535.436 0.8108 -0.796 0.6585 -0.5481 0.7162 -0.3383 0.2687
1305033535.4761 0.8004 -0.7951 0.6587 -0.5468 0.7177 -0.338 0.2677
1305033535.5061 0.7933 -0.7947 0.6589 -0.5461 0.718 -0.3392 0.2666
1305033535.536 0.7868 -0.7945 0.6592 -0.5458 0.7184 -0.3402 0.2651
1305033535.5761 0.7784 -0.7945 0.659 -0.5438 0.7196 -0.3409 0.265
1305033535.6061 0.7723 -0.7944 0.6591 -0.5426 0.721 -0.3402 0.2645
1305033535.6361 0.7665 -0.7943 0.6592 -0.5421 0.7219 -0.3398 0.2638
1305033535.676 0.7594 -0.7942 0.6588 -0.5404 0.7227 -0.3403 0.2644
1305033535.706 0.7539 -0.794 0.6586 -0.5399 0.7235 -0.3396 0.2639
1305033535.736 0.7488 -0.7939 0.6584 -0.5395 0.7237 -0.3392 0.2648
1305033535.776 0.7421 -0.7938 0.6579 -0.5395 0.7239 -0.3388 0.2648
1305033535.806 0.7373 -0.7939 0.6573 -0.5389 0.7243 -0.3392 0.2644
1305033535.836 0.732 -0.7942 0.657 -0.5386 0.7256 -0.3386 0.2623
1305033535.8761 0.7252 -0.7945 0.6572 -0.5371 0.7264 -0.3389 0.2627
1305033535.9061 0.7201 -0.7946 0.6574 -0.5356 0.7276 -0.3384 0.2633
1305033535.936 0.715 -0.7943 0.6574 -0.5347 0.7286 -0.3375 0.2634
1305033535.976 0.7083 -0.7939 0.6571 -0.5348 0.7283 -0.3371 0.2645
1305033536.006 0.7032 -0.7935 0.6564 -0.5362 0.7281 -0.3363 0.2632
1305033536.036 0.6983 -0.7935 0.6558 -0.5369 0.7283 -0.336 0.2616
1305033536.076 0.692 -0.7935 0.6555 -0.5366 0.7293 -0.3354 0.2603
1305033536.106 0.6878 -0.7935 0.6556 -0.535 0.7305 -0.3353 0.2602
1305033536.136 0.6837 -0.7937 0.6555 -0.5344 0.7318 -0.334 0.2596
1305033536.1761 0.6789 -0.7943 0.6553 -0.5337 0.7332 -0.3335 0.2577
1305033536.206 0.6759 -0.7946 0.6552 -0.5334 0.7341 -0.333 0.2563
1305033536.246 0.6726 -0.7951 0.6548 -0.5329 0.7348 -0.3332 0.2552
1305033536.276 0.6707 -0.7956 0.6548 -0.5328 0.7354 -0.3333 0.2535
1305033536.306 0.6694 -0.7959 0.655 -0.5323 0.7371 -0.3319 0.2514
1305033536.346 0.6687 -0.797 0.655 -0.5306 0.738 -0.3329 0.2508
1305033536.376 0.6691 -0.7977 0.6546 -0.5271 0.7396 -0.3345 0.2516
1305033536.4061 0.6698 -0.7986 0.6547 -0.5251 0.7414 -0.3345 0.2505
1305033536.446 0.6716 -0.7997 0.655 -0.5235 0.7426 -0.335 0.2495
1305033536.476 0.6737 -0.8006 0.6552 -0.5224 0.7434 -0.3355 0.2488
1305033536.5059 0.6765 -0.8016 0.6557 -0.522 0.7437 -0.3357 0.2484
1305033536.546 0.681 -0.8031 0.656 -0.52 0.7445 -0.3369 0.2486
1305033536.576 0.6849 -0.8043 0.6565 -0.5184 0.7451 -0.338 0.2488
1305033536.606 0.6893 -0.8055 0.6569 -0.5173 0.7457 -0.339 0.2478
1305033536.646 0.6958 -0.8072 0.6571 -0.5149 0.7465 -0.341 0.2477
1305033536.676 0.7011 -0.8085 0.6574 -0.5128 0.7471 -0.3425 0.2481
1305033536.706 0.7065 -0.81 0.6577 -0.5105 0.748 -0.3443 0.2476
1305033536.746 0.7137 -0.812 0.6584 -0.5074 0.7497 -0.3456 0.247
1305033536.776 0.7191 -0.8136 0.659 -0.5048 0.751 -0.3473 0.2462
1305033536.8062 0.7247 -0.8155 0.6598 -0.5025 0.7511 -0.35 0.2466
1305033536.846 0.7319 -0.8178 0.6614 -0.4992 0.7529 -0.3517 0.2453
1305033536.8761 0.7372 -0.8199 0.6627 -0.4969 0.7539 -0.3536 0.2445
1305033536.906 0.7428 -0.8219 0.6638 -0.4934 0.7549 -0.3562 0.2447
1305033536.946 0.7499 -0.8245 0.6654 -0.4896 0.7572 -0.3567 0.2444
1305033536.976 0.7555 -0.8266 0.6662 -0.4868 0.7582 -0.3585 0.2443
1305033537.006 0.7608 -0.8287 0.667 -0.4846 0.7592 -0.36 0.2431
1305033537.046 0.7679 -0.8318 0.6687 -0.4814 0.7596 -0.3636 0.2432
1305033537.076 0.7729 -0.8338 0.67 -0.479 0.7612 -0.3637 0.2425
1305033537.1061 0.778 -0.8358 0.6713 -0.4767 0.7626 -0.364 0.2421
1305033537.146 0.7849 -0.8388 0.6727 -0.4747 0.7628 -0.3663 0.242
1305033537.1761 0.7902 -0.8408 0.6735 -0.4731 0.7636 -0.3672 0.2413
1305033537.2061 0.7955 -0.843 0.6738 -0.4719 0.7634 -0.3691 0.2414
1305033537.246 0.8026 -0.8459 0.6735 -0.4693 0.765 -0.37 0.2402
1305033537.2761 0.8084 -0.8479 0.6731 -0.4654 0.7679 -0.3693 0.2396
1305033537.3062 0.8142 -0.8499 0.6724 -0.4625 0.7698 -0.3694 0.2391
1305033537.3462 0.8226 -0.8526 0.6713 -0.4586 0.7718 -0.3704 0.2384
1305033537.3762 0.829 -0.8543 0.6704 -0.4557 0.7735 -0.3707 0.2378
1305033537.4062 0.8361 -0.8563 0.669 -0.4522 0.7752 -0.3712 0.2383
1305033537.4462 0.8457 -0.859 0.6677 -0.4484 0.7772 -0.3716 0.2383
1305033537.4762 0.8532 -0.8611 0.6667 -0.4461 0.7784 -0.372 0.2383
1305033537.5163 0.8635 -0.8641 0.6655 -0.4428 0.7802 -0.3723 0.238
1305033537.5463 0.8718 -0.8668 0.6643 -0.4391 0.7809 -0.3745 0.2392
1305033537.5763 0.8798 -0.8697 0.6634 -0.4359 0.7829 -0.3745 0.2383
1305033537.6164 0.8911 -0.8739 0.6621 -0.4311 0.7853 -0.3744 0.2391
1305033537.6363 0.8969 -0.8761 0.6613 -0.4282 0.7862 -0.375 0.2405
1305033537.6763 0.9084 -0.8812 0.66 -0.4239 0.7878 -0.3768 0.2401
1305033537.7164 0.9194 -0.8864 0.659 -0.4204 0.7896 -0.3784 0.238
1305033537.7464 0.9274 -0.8906 0.6584 -0.4166 0.7912 -0.3802 0.2363
1305033537.7764 0.9347 -0.8951 0.6584 -0.4121 0.7939 -0.3808 0.2341
1305033537.8164 0.944 -0.9012 0.6582 -0.4044 0.7985 -0.381 0.2317
1305033537.8464 0.9504 -0.9059 0.6582 -0.3996 0.8025 -0.3793 0.2289
1305033537.8764 0.9571 -0.9106 0.6582 -0.3949 0.8052 -0.3801 0.2264
1305033537.9065 0.9634 -0.9155 0.6581 -0.3904 0.8085 -0.3794 0.2234
1305033537.9464 0.9714 -0.9231 0.6576 -0.3844 0.812 -0.3812 0.2181
1305033537.9764 0.9771 -0.9287 0.6574 -0.3801 0.8157 -0.3802 0.2138
1305033538.0064 0.9829 -0.9346 0.6574 -0.3754 0.8185 -0.3809 0.2098
1305033538.0465 0.991 -0.9425 0.6577 -0.3691 0.8222 -0.382 0.2043
1305033538.0765 0.9973 -0.9487 0.6581 -0.3664 0.8231 -0.384 0.202
1305033538.1065 1.0032 -0.9545 0.6591 -0.3637 0.8246 -0.3852 0.1984
1305033538.1465 1.0115 -0.9627 0.661 -0.3593 0.8257 -0.3888 0.1951
1305033538.1766 1.0179 -0.9692 0.6628 -0.3553 0.8265 -0.3915 0.1935
1305033538.2066 1.0239 -0.9752 0.6642 -0.3497 0.8295 -0.392 0.1898
1305033538.2466 1.0321 -0.9839 0.6666 -0.3423 0.832 -0.3949 0.1864
1305033538.2766 1.0382 -0.9902 0.6684 -0.3365 0.8333 -0.3983 0.1838
1305033538.3166 1.0461 -0.9984 0.6703 -0.3296 0.835 -0.4022 0.18
1305033538.3466 1.0519 -1.0038 0.6718 -0.3247 0.8372 -0.4035 0.1759
1305033538.3766 1.0577 -1.0093 0.6726 -0.3203 0.8382 -0.4064 0.1723
1305033538.4167 1.0654 -1.0159 0.6737 -0.3136 0.8393 -0.4113 0.1673
1305033538.4466 1.0713 -1.0209 0.6749 -0.3096 0.8396 -0.4146 0.1651
1305033538.4668 1.0751 -1.0236 0.6759 -0.3069 0.8409 -0.4151 0.1627
1305033538.5167 1.0848 -1.031 0.6783 -0.2968 0.8432 -0.4189 0.1595
1305033538.5467 1.0907 -1.0354 0.6795 -0.2899 0.8446 -0.4217 0.1574
1305033538.5767 1.0967 -1.0396 0.6807 -0.2842 0.8459 -0.424 0.1547
1305033538.6168 1.1047 -1.0455 0.6827 -0.2744 0.8475 -0.4286 0.1509
1305033538.6468 1.1107 -1.0495 0.6845 -0.2674 0.8492 -0.4307 0.1479
1305033538.6768 1.1166 -1.0536 0.6863 -0.26 0.8503 -0.4339 0.1453
1305033538.7168 1.1244 -1.0589 0.689 -0.2489 0.8527 -0.4371 0.1411
1305033538.7468 1.1301 -1.0626 0.691 -0.241 0.8545 -0.4388 0.1383
1305033538.7768 1.1358 -1.0667 0.6933 -0.2327 0.8552 -0.4426 0.136
1305033538.8168 1.1428 -1.0724 0.6956 -0.2201 0.8569 -0.4466 0.1337
1305033538.8469 1.1481 -1.0773 0.6974 -0.2108 0.8566 -0.4521 0.1322
1305033538.8769 1.1529 -1.0814 0.6992 -0.2044 0.8586 -0.4523 0.1284
1305033538.917 1.1587 -1.0878 0.7009 -0.195 0.8588 -0.4574 0.1235
1305033538.947 1.1625 -1.0925 0.7021 -0.1866 0.8598 -0.4597 0.1205
1305033538.977 1.1663 -1.0974 0.7034 -0.1781 0.8617 -0.4601 0.1187
1305033539.017 1.1709 -1.104 0.7046 -0.1665 0.8628 -0.4627 0.1173
1305033539.047 1.1741 -1.1092 0.7052 -0.1594 0.8636 -0.4642 0.1153
1305033539.087 1.1779 -1.1159 0.706 -0.1521 0.8653 -0.4645 0.1113
1305033539.117 1.1805 -1.1213 0.7064 -0.1469 0.8659 -0.4657 0.1088
1305033539.147 1.1829 -1.1267 0.7068 -0.1417 0.8664 -0.4668 0.1065
1305033539.187 1.1858 -1.134 0.7066 -0.1361 0.8666 -0.4686 0.1048
1305033539.2173 1.1877 -1.1396 0.7065 -0.131 0.8679 -0.4678 0.1036
1305033539.2471 1.1893 -1.1456 0.7059 -0.1275 0.8677 -0.4696 0.1017
1305033539.2771 1.1909 -1.1516 0.7047 -0.1246 0.868 -0.4702 0.0995
1305033539.3171 1.1923 -1.1596 0.7032 -0.1204 0.8688 -0.4707 0.0956
1305033539.3471 1.1932 -1.1655 0.7017 -0.1173 0.869 -0.4717 0.0928
1305033539.3771 1.1936 -1.1714 0.7004 -0.1133 0.8692 -0.4725 0.0917
1305033539.4072 1.1938 -1.177 0.6988 -0.1089 0.871 -0.4704 0.0901
1305033539.4472 1.1938 -1.185 0.6966 -0.1036 0.8724 -0.4698 0.0869
1305033539.4771 1.1936 -1.1908 0.695 -0.1012 0.8739 -0.4679 0.084
1305033539.5073 1.1934 -1.1967 0.6937 -0.1 0.8743 -0.468 0.0815
1305033539.5472 1.1924 -1.2048 0.692 -0.0967 0.8756 -0.4668 0.0775
1305033539.5772 1.1914 -1.2106 0.6906 -0.0939 0.8768 -0.4656 0.0749
1305033539.6073 1.1902 -1.2165 0.6892 -0.0916 0.8781 -0.464 0.0732
1305033539.6472 1.1885 -1.2242 0.687 -0.0887 0.8795 -0.4622 0.0704
1305033539.6773 1.1866 -1.2298 0.6856 -0.0879 0.8808 -0.4605 0.0665
1305033539.7072 1.1847 -1.2351 0.6846 -0.087 0.8814 -0.46 0.0633
1305033539.7473 1.1825 -1.242 0.6833 -0.0866 0.8826 -0.4579 0.0618
1305033539.7773 1.1809 -1.2472 0.6822 -0.0863 0.8822 -0.4589 0.0604
1305033539.8074 1.1788 -1.2521 0.6813 -0.0858 0.8826 -0.4588 0.057
1305033539.8474 1.176 -1.2581 0.6802 -0.0828 0.8834 -0.458 0.0549
1305033539.8774 1.1737 -1.2622 0.6797 -0.08 0.8839 -0.4577 0.0531
1305033539.9074 1.1713 -1.2661 0.6794 -0.0771 0.8842 -0.4578 0.052
1305033539.9474 1.1683 -1.2706 0.6788 -0.0734 0.8843 -0.4584 0.0508
1305033539.9774 1.1662 -1.2732 0.6783 -0.0706 0.884 -0.4594 0.0493
1305033540.0075 1.1639 -1.2754 0.678 -0.0677 0.8843 -0.4594 0.0483
1305033540.0475 1.1612 -1.2769 0.6771 -0.0634 0.8849 -0.459 0.0478
1305033540.0774 1.1593 -1.2773 0.6764 -0.0607 0.8851 -0.459 0.0478
1305033540.1075 1.1574 -1.2768 0.6757 -0.0593 0.8857 -0.4581 0.0464
1305033540.1475 1.1551 -1.2755 0.6743 -0.0554 0.8855 -0.4589 0.0461
1305033540.1776 1.1529 -1.274 0.6735 -0.0525 0.8862 -0.4581 0.0449
1305033540.2175 1.1499 -1.2711 0.6727 -0.0478 0.8868 -0.4576 0.0439
1305033540.2476 1.1479 -1.2684 0.6719 -0.0445 0.8867 -0.4582 0.043
1305033540.2776 1.146 -1.2649 0.671 -0.0417 0.8877 -0.4566 0.0425
1305033540.3076 1.1436 -1.2621 0.6706 -0.0397 0.8865 -0.4591 0.0414
1305033540.3477 1.1413 -1.2571 0.6697 -0.0367 0.8864 -0.4596 0.0417
1305033540.3776 1.1393 -1.2527 0.6692 -0.0349 0.8867 -0.4592 0.0402
1305033540.4076 1.1371 -1.2481 0.669 -0.0334 0.8869 -0.459 0.0394
1305033540.4476 1.1341 -1.2415 0.6682 -0.0318 0.8876 -0.4579 0.0386
1305033540.4776 1.132 -1.2365 0.6675 -0.0296 0.8873 -0.4588 0.0369
1305033540.5077 1.13 -1.2318 0.6673 -0.0272 0.8872 -0.4591 0.0367
1305033540.5477 1.1272 -1.2252 0.6667 -0.0257 0.8866 -0.4604 0.0357
1305033540.5776 1.1255 -1.2196 0.6657 -0.0258 0.8875 -0.4587 0.0347
1305033540.6077 1.1237 -1.2146 0.6642 -0.025 0.8866 -0.4607 0.0331
1305033540.6477 1.1213 -1.2075 0.6617 -0.0227 0.888 -0.4581 0.0321
1305033540.6778 1.1192 -1.2027 0.6597 -0.0212 0.8889 -0.4565 0.0298
1305033540.7078 1.1172 -1.1979 0.6578 -0.0194 0.8894 -0.4558 0.0272
1305033540.7477 1.1148 -1.1917 0.6557 -0.0175 0.89 -0.4549 0.0259
1305033540.7778 1.113 -1.1872 0.6547 -0.0164 0.8911 -0.4529 0.0246
1305033540.8079 1.1115 -1.183 0.6536 -0.0146 0.8916 -0.4519 0.0243
1305033540.8478 1.1096 -1.1781 0.6527 -0.0119 0.8919 -0.4515 0.0242
1305033540.8778 1.1083 -1.1745 0.6525 -0.0106 0.8917 -0.4518 0.0233
1305033540.9078 1.1067 -1.1713 0.6528 -0.0096 0.8914 -0.4525 0.0221
1305033540.9478 1.1047 -1.1669 0.6538 -0.008 0.8918 -0.4519 0.0219
1305033540.9779 1.1031 -1.164 0.6548 -0.0058 0.8903 -0.4549 0.0215
1305033541.0079 1.1012 -1.1608 0.6559 -0.0035 0.8899 -0.4556 0.0214
1305033541.0479 1.0988 -1.1563 0.6573 -0.0004 0.8898 -0.4558 0.021
1305033541.0879 1.0964 -1.1514 0.6584 0.0023 0.8898 -0.4559 0.0192
1305033541.1179 1.0943 -1.1481 0.6595 0.0047 0.8888 -0.458 0.0176
1305033541.148 1.0924 -1.1445 0.6603 0.0073 0.8879 -0.4596 0.0179
1305033541.1778 1.0906 -1.14 0.6611 0.009 0.8881 -0.4593 0.0165
1305033541.2179 1.0881 -1.1342 0.662 0.0107 0.887 -0.4614 0.0143
1305033541.2479 1.0861 -1.1292 0.6627 0.0126 0.887 -0.4615 0.0127
1305033541.2779 1.084 -1.1239 0.6632 0.0138 0.8869 -0.4616 0.0113
1305033541.3179 1.0814 -1.1167 0.6638 0.0165 0.8863 -0.4628 0.0098
1305033541.3479 1.0791 -1.1106 0.6643 0.0181 0.887 -0.4613 0.0071
1305033541.3779 1.0769 -1.105 0.6645 0.0211 0.8865 -0.4622 0.0052
1305033541.4178 1.0743 -1.0972 0.6644 0.0246 0.8862 -0.4626 0.0033
1305033541.4479 1.0724 -1.0912 0.6645 0.0273 0.8876 -0.4598 0.002
1305033541.4779 1.0706 -1.0857 0.6643 0.0304 0.887 -0.4608 -0.0001
1305033541.5179 1.0684 -1.0782 0.6639 0.0323 0.8877 -0.4593 -0.0013
1305033541.5479 1.0665 -1.073 0.6639 0.0345 0.8869 -0.4607 -0.0037
1305033541.5779 1.0645 -1.0677 0.6639 0.0375 0.8878 -0.4587 -0.0059
1305033541.6179 1.0618 -1.0607 0.6643 0.0416 0.8877 -0.4584 -0.0067
1305033541.6478 1.0593 -1.0558 0.665 0.0457 0.8877 -0.4582 -0.0077
1305033541.6779 1.0571 -1.0506 0.6655 0.0493 0.8878 -0.4574 -0.0093
1305033541.718 1.054 -1.0439 0.6664 0.0526 0.889 -0.4548 -0.0087
1305033541.7479 1.0509 -1.0394 0.6666 0.0537 0.888 -0.4567 -0.0108
1305033541.7779 1.0478 -1.0348 0.6672 0.0562 0.888 -0.4561 -0.0132
1305033541.8179 1.0438 -1.028 0.6675 0.0595 0.8886 -0.4546 -0.0135
1305033541.8479 1.0405 -1.0231 0.6673 0.062 0.8885 -0.4545 -0.014
1305033541.8779 1.0373 -1.0176 0.6671 0.0629 0.8895 -0.4523 -0.0162
1305033541.9179 1.0323 -1.0107 0.6662 0.0656 0.8893 -0.4521 -0.02
1305033541.9479 1.0284 -1.0049 0.6657 0.0692 0.8902 -0.4498 -0.0208
1305033541.9779 1.0242 -0.9996 0.6653 0.0729 0.8903 -0.449 -0.0221
1305033542.0179 1.0191 -0.9913 0.664 0.0775 0.891 -0.4466 -0.0243
1305033542.0479 1.015 -0.9852 0.663 0.0807 0.8914 -0.4453 -0.027
1305033542.0779 1.011 -0.9792 0.6621 0.0833 0.8913 -0.4447 -0.0283
1305033542.1178 1.0057 -0.9712 0.6602 0.0874 0.8915 -0.4434 -0.0296
1305033542.1479 1.0018 -0.9653 0.659 0.0902 0.8917 -0.4424 -0.0308
1305033542.1779 0.9981 -0.9595 0.6576 0.0922 0.8918 -0.4418 -0.0318
1305033542.2179 0.9925 -0.9522 0.6561 0.0959 0.8916 -0.4411 -0.0345
1305033542.2479 0.9886 -0.9466 0.6553 0.0999 0.8909 -0.4416 -0.0367
1305033542.2779 0.9847 -0.941 0.6546 0.1036 0.8908 -0.4408 -0.0377
1305033542.318 0.9798 -0.9333 0.6539 0.1082 0.8898 -0.4416 -0.0389
1305033542.3479 0.9766 -0.9277 0.6538 0.1114 0.8893 -0.4418 -0.0391
1305033542.3779 0.9734 -0.9217 0.6535 0.1137 0.8886 -0.4425 -0.0396
1305033542.4179 0.9692 -0.9138 0.6531 0.1171 0.8881 -0.4427 -0.0398
1305033542.4479 0.9661 -0.9076 0.6526 0.1191 0.8878 -0.4427 -0.0406
1305033542.4779 0.9626 -0.9015 0.6519 0.1217 0.8872 -0.4431 -0.042
1305033542.518 0.9582 -0.8931 0.6515 0.1248 0.8856 -0.4452 -0.044
1305033542.5479 0.9546 -0.8865 0.6509 0.1281 0.884 -0.4472 -0.0454
1305033542.5779 0.9512 -0.8797 0.651 0.1316 0.8832 -0.4477 -0.047
1305033542.6179 0.9468 -0.87 0.651 0.1362 0.8822 -0.4481 -0.0486
1305033542.6478 0.9437 -0.8622 0.6511 0.1399 0.8809 -0.4494 -0.0501
1305033542.6879 0.9401 -0.8518 0.6506 0.1441 0.8794 -0.4508 -0.052
1305033542.7179 0.9377 -0.8434 0.65 0.1459 0.8791 -0.4505 -0.0538
1305033542.7479 0.9355 -0.8347 0.6499 0.1483 0.8791 -0.4496 -0.0555
1305033542.7879 0.9333 -0.8232 0.6498 0.1501 0.879 -0.4489 -0.0575
1305033542.8179 0.9318 -0.8148 0.6495 0.1519 0.8784 -0.4492 -0.059
1305033542.8479 0.9304 -0.806 0.6496 0.154 0.8789 -0.4472 -0.0611
1305033542.8779 0.9288 -0.7982 0.6495 0.1563 0.8776 -0.4488 -0.0624
1305033542.9178 0.9266 -0.7876 0.6488 0.1593 0.8774 -0.4482 -0.0625
1305033542.9478 0.9252 -0.78 0.6478 0.1609 0.8774 -0.4474 -0.064
1305033542.9879 0.9232 -0.7701 0.6469 0.1616 0.8778 -0.4459 -0.0672
1305033543.0179 0.9219 -0.7631 0.6458 0.1635 0.8778 -0.4452 -0.0677
1305033543.0479 0.9206 -0.7565 0.6451 0.1656 0.8771 -0.4456 -0.0686
1305033543.0778 0.9195 -0.75 0.6443 0.168 0.8767 -0.4452 -0.07
1305033543.1179 0.9176 -0.742 0.6435 0.1708 0.8756 -0.4462 -0.0708
1305033543.1478 0.9163 -0.7362 0.643 0.1748 0.8747 -0.4463 -0.0717
1305033543.1879 0.914 -0.7287 0.6422 0.1784 0.8737 -0.4465 -0.074
1305033543.2179 0.9125 -0.7228 0.642 0.1816 0.8732 -0.4456 -0.0765
1305033543.2479 0.9109 -0.717 0.6424 0.1844 0.8731 -0.4446 -0.078
1305033543.2778 0.9095 -0.7109 0.6431 0.1882 0.8725 -0.444 -0.0792
1305033543.3179 0.9075 -0.7036 0.644 0.1949 0.8712 -0.4433 -0.0809
1305033543.3479 0.9062 -0.6983 0.6443 0.1993 0.8702 -0.4432 -0.0815
1305033543.3779 0.905 -0.693 0.6447 0.2031 0.8696 -0.4422 -0.0834
1305033543.4179 0.9034 -0.6862 0.6451 0.2097 0.8686 -0.4404 -0.0867
1305033543.4479 0.9023 -0.6807 0.6456 0.2146 0.8676 -0.4396 -0.0896
1305033543.4879 0.9011 -0.6736 0.6463 0.2232 0.8662 -0.4377 -0.0911
1305033543.5178 0.9007 -0.6685 0.6467 0.2299 0.8636 -0.4389 -0.0928
1305033543.5479 0.9004 -0.6634 0.6468 0.2359 0.862 -0.4383 -0.0957
1305033543.5779 0.9004 -0.6579 0.647 0.2407 0.8609 -0.4373 -0.0986
1305033543.6178 0.9018 -0.651 0.646 0.2467 0.859 -0.4371 -0.1009
1305033543.6478 0.9025 -0.6457 0.6454 0.2498 0.8576 -0.4373 -0.1046
1305033543.6779 0.9039 -0.6396 0.6443 0.2543 0.8568 -0.4352 -0.1085
1305033543.7179 0.9061 -0.6309 0.6428 0.2613 0.8559 -0.4316 -0.1134
1305033543.7479 0.9081 -0.6243 0.6419 0.2669 0.8555 -0.4281 -0.1167
1305033543.788 0.9111 -0.6154 0.641 0.2748 0.8537 -0.4255 -0.121
1305033543.8178 0.9137 -0.6085 0.6407 0.2808 0.8523 -0.4236 -0.1235
1305033543.8478 0.9166 -0.6019 0.64 0.2853 0.8509 -0.4229 -0.1255
1305033543.8779 0.9196 -0.595 0.639 0.289 0.8503 -0.421 -0.1274
1305033543.9178 0.9234 -0.5861 0.6371 0.294 0.849 -0.4187 -0.1322
1305033543.9479 0.9259 -0.5794 0.6359 0.2972 0.8489 -0.4156 -0.1354
1305033543.9779 0.9292 -0.5733 0.6343 0.3022 0.8472 -0.4149 -0.1369
1305033544.0178 0.9328 -0.5652 0.6324 0.3075 0.846 -0.4127 -0.1392
1305033544.0478 0.9352 -0.5594 0.6308 0.3111 0.8442 -0.4127 -0.1422
1305033544.0879 0.9389 -0.5512 0.6286 0.3153 0.8439 -0.4093 -0.1446
1305033544.1179 0.9413 -0.5456 0.6273 0.3186 0.8424 -0.409 -0.147
1305033544.1478 0.944 -0.5397 0.626 0.3218 0.841 -0.4087 -0.1492
1305033544.1779 0.9467 -0.534 0.6249 0.3253 0.8398 -0.4076 -0.1511
1305033544.2179 0.9501 -0.5263 0.6233 0.3305 0.8384 -0.4058 -0.1523
1305033544.2478 0.9527 -0.5206 0.6221 0.3343 0.8371 -0.4047 -0.1539
1305033544.2779 0.9554 -0.5148 0.6209 0.338 0.836 -0.4033 -0.1555
1305033544.3179 0.9592 -0.5074 0.6194 0.3441 0.835 -0.4 -0.1562
1305033544.3478 0.9614 -0.502 0.6181 0.3477 0.8336 -0.399 -0.1581
1305033544.3779 0.9636 -0.4966 0.6171 0.3518 0.832 -0.3981 -0.16
1305033544.4179 0.9668 -0.4896 0.6158 0.3575 0.8303 -0.3959 -0.1617
1305033544.4479 0.9689 -0.4845 0.6151 0.3625 0.8288 -0.3941 -0.1623
1305033544.4779 0.9709 -0.4793 0.6147 0.3667 0.8279 -0.392 -0.1627
1305033544.5179 0.9732 -0.4729 0.6141 0.3723 0.8254 -0.3912 -0.1644
1305033544.5478 0.9745 -0.4684 0.6139 0.3763 0.823 -0.3921 -0.1654
1305033544.5779 0.9759 -0.4638 0.614 0.3799 0.8214 -0.3919 -0.1657
1305033544.6179 0.9776 -0.4576 0.614 0.3847 0.8193 -0.3906 -0.168
1305033544.6478 0.9785 -0.4528 0.6144 0.388 0.818 -0.3895 -0.169
1305033544.6779 0.9794 -0.4482 0.6145 0.3917 0.8157 -0.3897 -0.1711
1305033544.7179 0.9803 -0.4421 0.6149 0.398 0.8136 -0.3875 -0.1716
1305033544.7479 0.9807 -0.4372 0.6151 0.4032 0.812 -0.3849 -0.173
1305033544.7879 0.9806 -0.4314 0.6156 0.4082 0.8088 -0.3847 -0.1765
1305033544.8178 0.9804 -0.4268 0.6161 0.4123 0.807 -0.3832 -0.1785
1305033544.8478 0.9804 -0.4224 0.6169 0.4167 0.8049 -0.382 -0.1805
1305033544.8879 0.9799 -0.4168 0.6184 0.4232 0.8021 -0.3796 -0.1826
1305033544.9179 0.9792 -0.412 0.619 0.4268 0.8003 -0.3781 -0.1855
1305033544.9479 0.9786 -0.4081 0.6204 0.4316 0.7977 -0.3772 -0.1872
1305033544.9879 0.9778 -0.4029 0.6223 0.4375 0.7949 -0.3754 -0.1893
1305033545.0179 0.977 -0.3994 0.6236 0.4414 0.7928 -0.3749 -0.1902
1305033545.0479 0.9764 -0.3959 0.625 0.4451 0.791 -0.3734 -0.1914
1305033545.0779 0.9755 -0.3927 0.6257 0.4476 0.789 -0.374 -0.1933
1305033545.1178 0.9749 -0.3882 0.6267 0.4503 0.789 -0.3696 -0.195
1305033545.1479 0.9736 -0.3854 0.6277 0.4512 0.7875 -0.3702 -0.198
1305033545.1779 0.9726 -0.383 0.6287 0.4533 0.7861 -0.3699 -0.1995
1305033545.2178 0.971 -0.3796 0.6296 0.4573 0.7844 -0.3682 -0.2
1305033545.2478 0.9698 -0.3773 0.6302 0.4594 0.7833 -0.3669 -0.2018
1305033545.2878 0.9679 -0.3746 0.6309 0.4624 0.7818 -0.3653 -0.2039
1305033545.3178 0.9662 -0.3731 0.6314 0.4642 0.7804 -0.3654 -0.2049
1305033545.3478 0.9644 -0.3719 0.6317 0.4664 0.7789 -0.3652 -0.2059
1305033545.3879 0.9617 -0.3703 0.6319 0.4709 0.7766 -0.3638 -0.207
1305033545.4178 0.9592 -0.3697 0.6317 0.4738 0.7743 -0.3639 -0.2088
1305033545.4479 0.9569 -0.369 0.6319 0.4766 0.7733 -0.3623 -0.2089
1305033545.4778 0.9541 -0.3685 0.6321 0.479 0.7716 -0.3618 -0.2105
1305033545.5178 0.95 -0.3685 0.6328 0.4817 0.7694 -0.362 -0.2119
1305033545.5479 0.9464 -0.3686 0.6334 0.4849 0.7671 -0.3624 -0.2124
1305033545.5779 0.9428 -0.3687 0.6341 0.4874 0.7652 -0.3627 -0.213
1305033545.6178 0.9374 -0.3691 0.635 0.4913 0.7623 -0.363 -0.2139
1305033545.6479 0.9329 -0.3695 0.6356 0.4939 0.7609 -0.3622 -0.2141
1305033545.6779 0.9278 -0.3707 0.6363 0.4951 0.7592 -0.3636 -0.2151
1305033545.7179 0.921 -0.3723 0.637 0.4958 0.7574 -0.3652 -0.217
1305033545.7478 0.9153 -0.3737 0.6375 0.4961 0.7564 -0.3666 -0.2176
1305033545.7778 0.9095 -0.3751 0.6377 0.4974 0.7547 -0.368 -0.2181
1305033545.8178 0.9013 -0.3771 0.6379 0.5001 0.7523 -0.369 -0.2186
1305033545.8578 0.8925 -0.3792 0.6378 0.5012 0.75 -0.3713 -0.2201
1305033545.8879 0.886 -0.3805 0.6377 0.5024 0.7486 -0.3719 -0.2211
1305033545.9178 0.8793 -0.382 0.6373 0.5034 0.7474 -0.3724 -0.2221
1305033545.9578 0.8701 -0.3841 0.6365 0.5056 0.7449 -0.3744 -0.2221
1305033545.9778 0.8656 -0.385 0.6361 0.5066 0.7446 -0.3743 -0.221
1305033546.0178 0.8564 -0.3868 0.6346 0.5074 0.7435 -0.375 -0.2216
1305033546.0578 0.8473 -0.3884 0.6326 0.5076 0.7439 -0.3744 -0.2208
1305033546.0878 0.8406 -0.3892 0.6314 0.5078 0.745 -0.3721 -0.2204
1305033546.1179 0.8332 -0.39 0.6305 0.5082 0.7446 -0.3717 -0.2217
1305033546.1479 0.8258 -0.3904 0.6299 0.5096 0.7438 -0.3713 -0.2216
1305033546.1879 0.8153 -0.391 0.6293 0.5135 0.7417 -0.3708 -0.2206
1305033546.2179 0.8071 -0.3915 0.6285 0.5164 0.7396 -0.3713 -0.2201
1305033546.2479 0.7985 -0.3915 0.6274 0.5183 0.7374 -0.3717 -0.2224
1305033546.2878 0.7873 -0.3918 0.626 0.5203 0.7368 -0.3686 -0.225
1305033546.3178 0.7785 -0.3922 0.6249 0.5209 0.7355 -0.3689 -0.2269
1305033546.3479 0.7699 -0.3923 0.6235 0.5225 0.7353 -0.3665 -0.2281
1305033546.3878 0.7575 -0.3927 0.6216 0.5215 0.735 -0.3654 -0.2329
1305033546.4178 0.7483 -0.3931 0.6205 0.5211 0.7348 -0.3648 -0.2356
1305033546.4478 0.7391 -0.3932 0.6195 0.5232 0.7334 -0.3632 -0.2377
1305033546.4878 0.7268 -0.3935 0.618 0.527 0.7317 -0.3614 -0.2372
1305033546.5178 0.7175 -0.394 0.6172 0.5297 0.7297 -0.3616 -0.2371
1305033546.5478 0.7087 -0.3945 0.6164 0.5305 0.7291 -0.3603 -0.2389
1305033546.5879 0.6971 -0.3954 0.6159 0.5304 0.7288 -0.3593 -0.2418
1305033546.6178 0.6885 -0.3963 0.6157 0.5292 0.7289 -0.3605 -0.2424
1305033546.6478 0.6801 -0.3974 0.6156 0.5289 0.729 -0.3612 -0.2417
1305033546.6878 0.669 -0.3984 0.6156 0.5292 0.7281 -0.3628 -0.2413
1305033546.7178 0.6611 -0.3988 0.6153 0.5316 0.7265 -0.3627 -0.2409
1305033546.7478 0.653 -0.3992 0.6152 0.534 0.7252 -0.3618 -0.241
1305033546.7879 0.643 -0.3997 0.6151 0.5365 0.7233 -0.3606 -0.2428
1305033546.8178 0.6354 -0.4003 0.6148 0.5373 0.7231 -0.3587 -0.2446
1305033546.8478 0.6281 -0.4009 0.6148 0.5376 0.7224 -0.3581 -0.2469
1305033546.8878 0.6184 -0.4022 0.6151 0.5393 0.7218 -0.3563 -0.2475
1305033546.9179 0.6112 -0.4037 0.6157 0.5397 0.7212 -0.357 -0.2473
1305033546.9478 0.6039 -0.4052 0.6165 0.5399 0.7203 -0.3584 -0.2474
1305033546.9879 0.5942 -0.4072 0.6176 0.5407 0.7192 -0.359 -0.248
1305033547.0178 0.5869 -0.4085 0.6183 0.5415 0.7187 -0.3588 -0.2479
1305033547.0478 0.5797 -0.4099 0.619 0.5418 0.7185 -0.3585 -0.2486
1305033547.0878 0.5703 -0.4119 0.6193 0.5423 0.7182 -0.3567 -0.2508
1305033547.1178 0.5629 -0.4136 0.6191 0.5416 0.7182 -0.3567 -0.2522
1305033547.1478 0.5557 -0.4151 0.6191 0.542 0.7185 -0.3551 -0.2529
1305033547.1878 0.5458 -0.4173 0.6195 0.5439 0.7168 -0.3536 -0.2557
1305033547.2178 0.5385 -0.4188 0.6194 0.5456 0.7161 -0.3523 -0.2558
1305033547.2478 0.5312 -0.421 0.6197 0.5474 0.7153 -0.351 -0.2557
1305033547.2879 0.5211 -0.4237 0.6199 0.5496 0.7139 -0.3494 -0.2574
1305033547.3178 0.5134 -0.4261 0.6198 0.5512 0.7127 -0.3483 -0.2587
1305033547.3579 0.5027 -0.4293 0.6197 0.5542 0.7108 -0.3464 -0.2601
1305033547.3879 0.4947 -0.4317 0.6198 0.5572 0.709 -0.3444 -0.2612
1305033547.4178 0.4867 -0.4341 0.6201 0.5607 0.7069 -0.3423 -0.2623
1305033547.4578 0.476 -0.4378 0.6203 0.5637 0.7053 -0.3403 -0.2625
1305033547.4899 0.468 -0.4405 0.6203 0.5646 0.7047 -0.3397 -0.2631
1305033547.518 0.4601 -0.443 0.6205 0.5643 0.7043 -0.3391 -0.2654
1305033547.5579 0.4497 -0.4457 0.6214 0.5656 0.7037 -0.3362 -0.2682
1305033547.5878 0.442 -0.4475 0.6222 0.5672 0.7026 -0.3353 -0.2686
1305033547.6179 0.4342 -0.4491 0.6229 0.569 0.7014 -0.3347 -0.2688
1305033547.6584 0.424 -0.4514 0.6235 0.5707 0.7002 -0.3334 -0.2699
1305033547.6878 0.4163 -0.453 0.6236 0.5695 0.7005 -0.3328 -0.2724
1305033547.7178 0.4087 -0.4548 0.624 0.5686 0.7012 -0.3318 -0.2738
1305033547.7578 0.3985 -0.4573 0.6245 0.5691 0.7009 -0.3312 -0.2741
1305033547.7878 0.3906 -0.4591 0.6247 0.5708 0.6992 -0.3321 -0.2738
1305033547.8178 0.3829 -0.4608 0.625 0.5724 0.6981 -0.3321 -0.2734
1305033547.8578 0.3724 -0.4634 0.6249 0.573 0.6973 -0.3326 -0.2735
1305033547.8878 0.3645 -0.4654 0.6244 0.5727 0.6971 -0.3338 -0.2734
1305033547.9178 0.3568 -0.4674 0.6231 0.5733 0.6972 -0.3337 -0.2717
1305033547.9578 0.346 -0.4699 0.6209 0.5739 0.6982 -0.3329 -0.2689
1305033547.988 0.3378 -0.4716 0.6191 0.5728 0.6998 -0.3323 -0.268
1305033548.0178 0.3293 -0.4734 0.6178 0.5718 0.701 -0.3324 -0.267
1305033548.0579 0.3175 -0.4759 0.616 0.5695 0.7017 -0.3354 -0.266
1305033548.0879 0.3087 -0.4778 0.6149 0.5684 0.7028 -0.3366 -0.2639
1305033548.1178 0.2998 -0.4795 0.6137 0.5667 0.7043 -0.3375 -0.2626
1305033548.1578 0.288 -0.4813 0.6126 0.566 0.7047 -0.3382 -0.262
1305033548.1878 0.2791 -0.4825 0.6122 0.5665 0.7051 -0.3385 -0.2594
1305033548.2178 0.2705 -0.4837 0.6118 0.5662 0.7057 -0.3397 -0.257
1305033548.2579 0.259 -0.4856 0.6107 0.5648 0.7077 -0.3402 -0.2538
1305033548.2878 0.2502 -0.4871 0.6098 0.5637 0.7087 -0.341 -0.2525
1305033548.3178 0.2416 -0.4884 0.6091 0.5625 0.71 -0.3413 -0.2509
1305033548.3578 0.23 -0.4901 0.6087 0.5621 0.7107 -0.3422 -0.2487
1305033548.3878 0.2213 -0.4911 0.6084 0.5615 0.7108 -0.3439 -0.2474
1305033548.4178 0.213 -0.4919 0.6082 0.5618 0.7104 -0.3449 -0.2466
1305033548.4578 0.2023 -0.4925 0.6082 0.5611 0.7119 -0.3434 -0.2459
1305033548.4878 0.1943 -0.4933 0.6073 0.5618 0.7113 -0.3436 -0.2457
1305033548.5178 0.1866 -0.4939 0.607 0.5622 0.7109 -0.3436 -0.2459
1305033548.5579 0.1765 -0.4947 0.6068 0.5631 0.7107 -0.3436 -0.2446
1305033548.5878 0.169 -0.4957 0.6069 0.5631 0.7112 -0.3431 -0.2438
1305033548.6278 0.1589 -0.497 0.6067 0.561 0.7129 -0.3425 -0.2444
1305033548.6577 0.1511 -0.4978 0.6068 0.5598 0.7131 -0.3432 -0.2453
1305033548.6878 0.1431 -0.4988 0.6069 0.5595 0.7133 -0.3434 -0.2455
1305033548.7178 0.1356 -0.4997 0.6071 0.5601 0.7138 -0.3416 -0.245
1305033548.7578 0.1253 -0.5009 0.6079 0.5603 0.7137 -0.3412 -0.2457
1305033548.788 0.1177 -0.5021 0.6079 0.5595 0.7145 -0.3411 -0.2451
1305033548.828 0.1079 -0.504 0.6078 0.5586 0.716 -0.3405 -0.2437
1305033548.8578 0.1003 -0.5056 0.6076 0.5573 0.7168 -0.3407 -0.244
1305033548.8878 0.0935 -0.507 0.6071 0.5558 0.7187 -0.339 -0.2442
1305033548.9278 0.0831 -0.5091 0.6062 0.5529 0.721 -0.3384 -0.2449
1305033548.9578 0.0756 -0.5107 0.6058 0.5522 0.7222 -0.3364 -0.2458
1305033548.9878 0.0678 -0.512 0.6053 0.5528 0.7224 -0.3343 -0.2466
1305033549.0178 0.0597 -0.5136 0.6051 0.5525 0.7228 -0.3331 -0.2476
1305033549.0579 0.0495 -0.5155 0.6049 0.5546 0.7227 -0.3305 -0.2467
1305033549.0878 0.0413 -0.5174 0.6046 0.5561 0.7227 -0.3292 -0.2453
1305033549.1278 0.0302 -0.5208 0.6042 0.5568 0.7224 -0.3292 -0.2446
1305033549.1579 0.0224 -0.5235 0.6042 0.556 0.7234 -0.3277 -0.2452
1305033549.1878 0.0136 -0.5263 0.6041 0.5539 0.7242 -0.3285 -0.2466
1305033549.2178 0.0048 -0.5292 0.6041 0.5538 0.7234 -0.3296 -0.2478
1305033549.2577 -0.0067 -0.5324 0.6043 0.555 0.7222 -0.3309 -0.2469
1305033549.2878 -0.0154 -0.5345 0.6042 0.5565 0.7209 -0.3315 -0.2465
1305033549.3178 -0.0241 -0.5362 0.604 0.5576 0.7197 -0.3322 -0.2465
1305033549.3578 -0.0352 -0.5381 0.6029 0.5587 0.7186 -0.3318 -0.2477
1305033549.3878 -0.0432 -0.5392 0.6014 0.5595 0.7188 -0.3303 -0.2473
1305033549.4279 -0.0541 -0.5408 0.5997 0.5605 0.7186 -0.3291 -0.2473
1305033549.4578 -0.0623 -0.5415 0.5985 0.5596 0.7192 -0.3286 -0.2481
1305033549.4879 -0.0705 -0.5422 0.5973 0.5597 0.7194 -0.3284 -0.2478
1305033549.5278 -0.0817 -0.5429 0.5962 0.5596 0.7197 -0.328 -0.2475
1305033549.5578 -0.0903 -0.5431 0.5954 0.5589 0.7203 -0.3282 -0.2472
1305033549.5877 -0.0988 -0.5437 0.5943 0.5573 0.7213 -0.3289 -0.247
1305033549.6278 -0.1103 -0.5439 0.5924 0.5554 0.7237 -0.3281 -0.2453
1305033549.6578 -0.1189 -0.5444 0.5909 0.5546 0.7251 -0.3276 -0.2436
1305033549.6878 -0.1279 -0.5453 0.5893 0.5536 0.7265 -0.3284 -0.2407
1305033549.7177 -0.137 -0.5463 0.5881 0.5509 0.7294 -0.3291 -0.2372
1305033549.7478 -0.1464 -0.5476 0.5873 0.5474 0.7318 -0.3303 -0.236
1305033549.7878 -0.1594 -0.5495 0.5858 0.5437 0.7341 -0.3339 -0.2324
1305033549.8278 -0.1727 -0.5513 0.5847 0.5391 0.7381 -0.3356 -0.2278
1305033549.8578 -0.1832 -0.5525 0.5842 0.5361 0.7397 -0.3371 -0.2276
1305033549.8878 -0.1937 -0.5541 0.5843 0.5325 0.7423 -0.3384 -0.2257
1305033549.9177 -0.2046 -0.5561 0.5845 0.5287 0.7443 -0.3407 -0.2244
1305033549.9578 -0.2192 -0.5591 0.5853 0.5224 0.7472 -0.345 -0.2228
1305033549.9878 -0.2297 -0.5617 0.5853 0.5162 0.7503 -0.3479 -0.2226
1305033550.0177 -0.2403 -0.5644 0.5854 0.5118 0.7535 -0.3482 -0.2218
1305033550.0578 -0.2545 -0.5685 0.5849 0.5046 0.7574 -0.3502 -0.2216
1305033550.0878 -0.2656 -0.5719 0.5844 0.4992 0.7589 -0.3536 -0.2232
1305033550.1178 -0.2768 -0.5754 0.5836 0.4952 0.7598 -0.3565 -0.2245
1305033550.1578 -0.2924 -0.5808 0.582 0.4898 0.7601 -0.3619 -0.2268
1305033550.1878 -0.3036 -0.5849 0.58 0.4865 0.7599 -0.3655 -0.2285
1305033550.2278 -0.318 -0.5906 0.5767 0.4836 0.7597 -0.368 -0.2313
1305033550.2577 -0.3285 -0.5952 0.5737 0.4792 0.7607 -0.3705 -0.2335
1305033550.2878 -0.3381 -0.6 0.5709 0.4747 0.7621 -0.3715 -0.2363
1305033550.3177 -0.3478 -0.6049 0.5681 0.4712 0.7624 -0.3733 -0.2397
1305033550.3577 -0.3599 -0.6121 0.5643 0.4685 0.7623 -0.3761 -0.2407
1305033550.3877 -0.3685 -0.6175 0.5613 0.4651 0.7635 -0.3778 -0.2409
1305033550.4177 -0.3767 -0.6235 0.5586 0.4603 0.765 -0.3786 -0.2439
1305033550.4578 -0.3873 -0.632 0.5552 0.453 0.7667 -0.3811 -0.2486
1305033550.4878 -0.3946 -0.6386 0.5524 0.4499 0.7687 -0.3808 -0.2482
1305033550.5278 -0.4039 -0.6485 0.5488 0.4459 0.7698 -0.3828 -0.249
1305033550.5578 -0.4103 -0.6565 0.5464 0.4429 0.7713 -0.3845 -0.2473
1305033550.5877 -0.4159 -0.665 0.5444 0.4389 0.7733 -0.387 -0.2443
1305033550.6278 -0.4233 -0.677 0.542 0.4323 0.776 -0.3906 -0.2417
1305033550.6578 -0.4281 -0.6862 0.5395 0.4285 0.7775 -0.393 -0.2397
1305033550.6878 -0.4327 -0.6957 0.5375 0.4247 0.7791 -0.3961 -0.2361
1305033550.7278 -0.4389 -0.709 0.5345 0.4234 0.7801 -0.4004 -0.2278
1305033550.7378 -0.4404 -0.7124 0.5339 0.423 0.7803 -0.4013 -0.2261
1305033550.8178 -0.4523 -0.7409 0.5289 0.4158 0.7824 -0.4126 -0.2117
1305033550.9277 -0.4691 -0.7823 0.5207 0.3982 0.7847 -0.4265 -0.2091
1305033551.0578 -0.4875 -0.828 0.5195 0.3742 0.7882 -0.4474 -0.1962
1305033551.0879 -0.491 -0.8374 0.5203 0.3649 0.7901 -0.4541 -0.191
1305033551.1177 -0.4944 -0.8463 0.5213 0.3551 0.7926 -0.4596 -0.1854
1305033551.1578 -0.4986 -0.8568 0.5237 0.3406 0.7982 -0.4629 -0.1805
1305033551.1878 -0.5014 -0.8644 0.5257 0.331 0.8013 -0.4659 -0.1769
1305033551.2177 -0.5045 -0.8716 0.5281 0.3211 0.8043 -0.4689 -0.1736
1305033551.2577 -0.5084 -0.8804 0.5315 0.3092 0.8063 -0.4748 -0.1697
1305033551.2878 -0.5109 -0.8863 0.5338 0.3045 0.8084 -0.4757 -0.1654
1305033551.3278 -0.514 -0.8936 0.5373 0.2971 0.8107 -0.4791 -0.1579
1305033551.3577 -0.5161 -0.8991 0.5397 0.2924 0.8112 -0.4827 -0.1531
1305033551.3878 -0.5179 -0.904 0.5421 0.2871 0.8127 -0.4846 -0.1491
1305033551.4277 -0.5205 -0.9103 0.5448 0.2808 0.8134 -0.4874 -0.1484
1305033551.4578 -0.5222 -0.9144 0.5471 0.2774 0.8146 -0.4874 -0.1481
1305033551.4878 -0.5236 -0.9183 0.549 0.2737 0.8156 -0.4883 -0.1465
1305033551.5278 -0.5254 -0.923 0.5526 0.2705 0.8176 -0.488 -0.1423
1305033551.5578 -0.5269 -0.9265 0.5553 0.2681 0.818 -0.4893 -0.1402
1305033551.5878 -0.5291 -0.93 0.558 0.2635 0.8201 -0.4888 -0.1378
1305033551.6278 -0.5329 -0.9348 0.5616 0.2548 0.8214 -0.4913 -0.1378
1305033551.6578 -0.5366 -0.9382 0.5642 0.2497 0.8221 -0.4922 -0.1396
1305033551.6878 -0.541 -0.9412 0.5668 0.2457 0.8222 -0.4934 -0.1421
1305033551.7277 -0.5474 -0.945 0.5697 0.2438 0.8219 -0.4949 -0.1418
1305033551.7578 -0.5533 -0.9475 0.5714 0.242 0.8215 -0.4965 -0.1415
1305033551.7877 -0.5595 -0.9502 0.5722 0.2425 0.8213 -0.497 -0.14
1305033551.8278 -0.5683 -0.9538 0.5727 0.2439 0.8221 -0.4956 -0.1383
1305033551.8577 -0.575 -0.9569 0.5722 0.2429 0.8222 -0.4958 -0.1388
1305033551.8878 -0.5823 -0.9605 0.5712 0.2391 0.8231 -0.4958 -0.1396
1305033551.9177 -0.5895 -0.9648 0.57 0.2351 0.8244 -0.4956 -0.1393
1305033551.9578 -0.5998 -0.9715 0.5674 0.2284 0.8248 -0.4976 -0.1411
1305033551.9878 -0.6067 -0.9767 0.5661 0.2239 0.8267 -0.497 -0.1393
1305033552.0177 -0.6144 -0.9829 0.5653 0.22 0.8262 -0.5001 -0.1373
1305033553.2577 -0.7123 -1.019 0.5383 0.2002 0.8495 -0.4751 -0.112
1305033553.2877 -0.7107 -1.0099 0.538 0.204 0.8479 -0.475 -0.1176
1305033553.3278 -0.7082 -0.997 0.5379 0.2097 0.8473 -0.472 -0.1239
1305033553.3578 -0.7062 -0.9868 0.5381 0.2159 0.8465 -0.4692 -0.1292
1305033553.3877 -0.7039 -0.9764 0.5379 0.2237 0.8454 -0.4662 -0.1336
1305033553.4278 -0.7008 -0.9625 0.5382 0.2334 0.8426 -0.4641 -0.142
1305033553.4577 -0.6988 -0.952 0.5386 0.2414 0.8404 -0.4624 -0.1472
1305033553.4877 -0.6958 -0.9415 0.5388 0.2506 0.8382 -0.4598 -0.152
1305033553.5278 -0.6916 -0.9274 0.5396 0.2612 0.8366 -0.4548 -0.158
1305033553.5578 -0.6883 -0.9165 0.5402 0.2681 0.8363 -0.4496 -0.1631
1305033553.5978 -0.6839 -0.9028 0.541 0.2775 0.8322 -0.4482 -0.1719
1305033553.6279 -0.6804 -0.8923 0.542 0.2853 0.8295 -0.4459 -0.178
1305033553.6577 -0.6764 -0.8819 0.5432 0.2944 0.8255 -0.4454 -0.1833
1305033553.6978 -0.6708 -0.8679 0.5457 0.3073 0.82 -0.4438 -0.1905
1305033553.7278 -0.666 -0.8573 0.5476 0.3161 0.8159 -0.4434 -0.1944
1305033553.7577 -0.6611 -0.8485 0.5481 0.3229 0.8092 -0.4495 -0.1974
1305033553.7977 -0.6536 -0.8349 0.5497 0.3333 0.804 -0.4483 -0.2039
1305033553.8277 -0.6473 -0.8244 0.5507 0.3417 0.7989 -0.4478 -0.2108
1305033553.8577 -0.6407 -0.8139 0.5513 0.3492 0.7965 -0.4442 -0.2152
1305033553.8977 -0.6314 -0.8002 0.5521 0.361 0.7923 -0.4395 -0.2211
1305033553.9278 -0.6249 -0.7905 0.5526 0.3692 0.7862 -0.4401 -0.2277
1305033553.9577 -0.617 -0.7803 0.5529 0.3785 0.782 -0.4375 -0.2319
1305033553.9978 -0.6066 -0.7674 0.5531 0.391 0.7751 -0.4362 -0.2367
1305033554.0278 -0.598 -0.7579 0.5532 0.4008 0.7704 -0.4341 -0.2396
1305033554.0577 -0.5894 -0.7487 0.5531 0.4096 0.7659 -0.4314 -0.244
1305033554.0977 -0.5773 -0.7366 0.5527 0.4192 0.7615 -0.4269 -0.2493
1305033554.1278 -0.5684 -0.7286 0.5519 0.4273 0.7571 -0.4253 -0.2516
1305033554.1578 -0.5594 -0.7206 0.5507 0.4345 0.7554 -0.421 -0.2516
1305033554.1978 -0.5475 -0.7103 0.5495 0.4414 0.7527 -0.4159 -0.2562
1305033554.2278 -0.5384 -0.7031 0.5486 0.4466 0.7512 -0.4105 -0.2603
1305033554.2578 -0.5305 -0.6959 0.548 0.4517 0.7468 -0.4095 -0.2657
1305033554.2978 -0.5198 -0.6863 0.5466 0.4595 0.7435 -0.4045 -0.269
1305033554.3278 -0.512 -0.6795 0.5457 0.4666 0.74 -0.4013 -0.2713
1305033554.3577 -0.5045 -0.6729 0.5448 0.4741 0.7361 -0.3987 -0.2727
1305033554.3978 -0.4946 -0.6646 0.5431 0.4842 0.7313 -0.3946 -0.2741
1305033554.4277 -0.4873 -0.6586 0.542 0.4898 0.7289 -0.3908 -0.2759
1305033554.4578 -0.4805 -0.6527 0.5411 0.4935 0.7257 -0.3891 -0.2801
1305033554.4977 -0.4716 -0.6449 0.5411 0.4991 0.7205 -0.3857 -0.2881
1305033554.5277 -0.4648 -0.6391 0.5413 0.5052 0.7155 -0.3825 -0.2942
1305033554.5577 -0.458 -0.6334 0.5415 0.5115 0.7102 -0.3812 -0.2977
1305033554.5977 -0.4485 -0.6263 0.5416 0.5213 0.7035 -0.3793 -0.2992
1305033554.6277 -0.4409 -0.6207 0.5419 0.5286 0.698 -0.3764 -0.3028
1305033554.6577 -0.4328 -0.6154 0.5421 0.5356 0.6922 -0.3742 -0.3065
1305033554.6978 -0.4212 -0.6086 0.5421 0.5439 0.6858 -0.3716 -0.3094
1305033554.7278 -0.4122 -0.6038 0.5422 0.5507 0.6804 -0.3697 -0.3116
1305033554.7577 -0.403 -0.5991 0.5424 0.5576 0.6756 -0.3675 -0.3123
1305033554.7978 -0.3898 -0.5937 0.5424 0.5637 0.6708 -0.3667 -0.3128
1305033554.8278 -0.3793 -0.5901 0.5423 0.5676 0.6678 -0.366 -0.3129
1305033554.8577 -0.3686 -0.5865 0.5424 0.5713 0.6655 -0.3642 -0.3133
1305033554.8977 -0.3534 -0.582 0.543 0.5752 0.6635 -0.3602 -0.3148
1305033554.9277 -0.3422 -0.5791 0.5435 0.5772 0.6617 -0.3594 -0.3161
1305033554.9678 -0.3269 -0.5756 0.5444 0.5804 0.6596 -0.3579 -0.3163
1305033554.9977 -0.3159 -0.5736 0.5452 0.5823 0.6581 -0.3568 -0.317
1305033555.0276 -0.3044 -0.5721 0.5463 0.5836 0.6579 -0.3547 -0.3174
1305033555.0577 -0.2939 -0.5709 0.5473 0.5838 0.657 -0.3547 -0.3191
1305033555.0977 -0.2802 -0.5697 0.549 0.5834 0.6564 -0.3542 -0.3214
1305033555.1277 -0.2702 -0.5693 0.5504 0.5826 0.6561 -0.3544 -0.3234
1305033555.1677 -0.2576 -0.5693 0.5524 0.5826 0.6538 -0.355 -0.3271
1305033555.2077 -0.245 -0.5698 0.5536 0.5832 0.6514 -0.3563 -0.3296
1305033555.228 -0.2387 -0.5701 0.5541 0.5832 0.651 -0.3565 -0.3302
1305033555.2577 -0.2293 -0.571 0.5551 0.5828 0.6503 -0.3569 -0.3318
1305033555.2978 -0.216 -0.5721 0.5557 0.5839 0.6494 -0.3553 -0.3334
1305033555.3277 -0.206 -0.5731 0.5561 0.5848 0.6492 -0.3547 -0.3329
1305033555.3577 -0.1958 -0.5743 0.5565 0.5852 0.6493 -0.3543 -0.3323
1305033555.3977 -0.1823 -0.5757 0.5568 0.5856 0.6502 -0.3529 -0.3315
1305033555.4277 -0.1725 -0.5768 0.557 0.5854 0.6505 -0.3526 -0.3315
1305033555.4578 -0.1628 -0.5778 0.5572 0.5855 0.6513 -0.3522 -0.3299
1305033555.4977 -0.1506 -0.579 0.5578 0.5857 0.6516 -0.3529 -0.3284
1305033555.5277 -0.142 -0.58 0.558 0.5864 0.6521 -0.3527 -0.3264
1305033555.5677 -0.1316 -0.5811 0.5582 0.5863 0.6525 -0.3519 -0.3266
1305033555.5977 -0.1244 -0.5817 0.5583 0.5873 0.6532 -0.3502 -0.3253
1305033555.6278 -0.1182 -0.5823 0.5582 0.588 0.6528 -0.3505 -0.3245
1305033555.6677 -0.1104 -0.5827 0.5582 0.5889 0.653 -0.3491 -0.3239
1305033555.6977 -0.1057 -0.5829 0.5579 0.589 0.6524 -0.3494 -0.3247
1305033555.7277 -0.1013 -0.5832 0.5576 0.59 0.6526 -0.3487 -0.3232
1305033555.7577 -0.0978 -0.5833 0.5573 0.5908 0.6522 -0.3487 -0.3225
1305033555.7977 -0.0941 -0.5832 0.557 0.5917 0.6517 -0.3478 -0.3227
1305033555.8277 -0.0919 -0.5829 0.5568 0.5922 0.6507 -0.3485 -0.323
1305033555.8677 -0.0903 -0.582 0.5568 0.5968 0.6475 -0.3486 -0.3209
1305033555.8977 -0.0898 -0.581 0.5569 0.6006 0.6442 -0.349 -0.3202
1305033555.9277 -0.0898 -0.5799 0.557 0.6042 0.6421 -0.3484 -0.3182
1305033555.9577 -0.0904 -0.5787 0.5569 0.6062 0.6404 -0.3479 -0.3183
1305033556.0677 -0.0956 -0.5739 0.5556 0.6084 0.639 -0.3434 -0.3218
1305033556.0977 -0.0978 -0.5724 0.5554 0.6093 0.6382 -0.3423 -0.3229
1305033556.1277 -0.1004 -0.5707 0.5552 0.6111 0.6369 -0.3417 -0.3227
1305033556.1577 -0.1034 -0.5691 0.5551 0.6131 0.6355 -0.3415 -0.3219
1305033556.1977 -0.1082 -0.5669 0.5547 0.6159 0.6334 -0.3406 -0.3218
1305033556.2277 -0.1125 -0.5653 0.5539 0.6177 0.6314 -0.3405 -0.3223
1305033556.2578 -0.1169 -0.5636 0.5535 0.6194 0.631 -0.3378 -0.3226
1305033556.2977 -0.1243 -0.5615 0.5527 0.621 0.6286 -0.338 -0.324
1305033556.3278 -0.1301 -0.56 0.5519 0.6231 0.6271 -0.3367 -0.3243
1305033556.3677 -0.1391 -0.5577 0.5509 0.6255 0.6252 -0.334 -0.3261
1305033556.3977 -0.1462 -0.5559 0.5501 0.6276 0.6233 -0.3322 -0.3276
1305033556.4277 -0.154 -0.5542 0.549 0.6308 0.6203 -0.3309 -0.3283
1305033556.4577 -0.1624 -0.5528 0.5484 0.633 0.6175 -0.3294 -0.3309
1305033556.4977 -0.1739 -0.5508 0.5474 0.6356 0.6151 -0.3278 -0.332
1305033556.5277 -0.1831 -0.5495 0.5467 0.6374 0.6126 -0.327 -0.334
1305033556.5677 -0.1957 -0.5476 0.5458 0.64 0.6104 -0.3245 -0.3354
1305033556.5977 -0.2055 -0.5463 0.5453 0.6424 0.6083 -0.323 -0.336
1305033556.6277 -0.2161 -0.5444 0.545 0.644 0.6054 -0.3222 -0.3389
1305033556.6577 -0.2267 -0.5424 0.5448 0.6464 0.6026 -0.3199 -0.3415
1305033556.6977 -0.2407 -0.5392 0.5445 0.6506 0.5996 -0.3158 -0.3428
1305033556.7277 -0.2516 -0.5367 0.5443 0.6537 0.5965 -0.3139 -0.3439
1305033556.7577 -0.2626 -0.5335 0.5432 0.6571 0.5925 -0.3132 -0.3451
1305033556.7977 -0.2777 -0.5291 0.5424 0.6616 0.5885 -0.3083 -0.3476
1305033556.8277 -0.2891 -0.5256 0.5415 0.6657 0.5864 -0.302 -0.349
1305033556.8577 -0.3005 -0.522 0.5409 0.6696 0.5827 -0.2986 -0.3505
1305033556.8977 -0.3153 -0.5164 0.5401 0.6747 0.5774 -0.2942 -0.3533
1305033556.9277 -0.3266 -0.5128 0.5403 0.6786 0.5735 -0.2906 -0.3552
1305033556.9676 -0.3413 -0.5078 0.5405 0.6837 0.5671 -0.2858 -0.3596
1305033556.9977 -0.352 -0.5041 0.5409 0.6871 0.563 -0.2819 -0.3626
1305033557.0277 -0.3624 -0.5002 0.5411 0.6909 0.5581 -0.2786 -0.3653
1305033557.0577 -0.3726 -0.4964 0.5415 0.695 0.553 -0.2771 -0.3666
1305033557.0777 -0.3793 -0.494 0.5419 0.6974 0.5493 -0.2769 -0.3678
1305033557.1977 -0.4168 -0.4808 0.5422 0.7082 0.5335 -0.2684 -0.3766
1305033557.2277 -0.4259 -0.4779 0.5423 0.71 0.5305 -0.2667 -0.3787
1305033557.2677 -0.4381 -0.4746 0.5427 0.7126 0.5258 -0.2668 -0.3803
1305033557.2977 -0.4472 -0.4724 0.5426 0.7136 0.5229 -0.2675 -0.3818
1305033557.3277 -0.4557 -0.4702 0.5426 0.7152 0.5208 -0.267 -0.3821
1305033557.3577 -0.464 -0.4678 0.5425 0.7166 0.5184 -0.2655 -0.3837
1305033557.3977 -0.4748 -0.4643 0.542 0.7189 0.5145 -0.2645 -0.3854
1305033557.4277 -0.4827 -0.4617 0.541 0.722 0.5121 -0.2627 -0.3841
1305033557.4577 -0.491 -0.4589 0.5396 0.7236 0.5107 -0.2614 -0.3838
1305033557.4978 -0.5025 -0.4543 0.5363 0.7248 0.5084 -0.2606 -0.3851
1305033557.5276 -0.5113 -0.4506 0.5337 0.7263 0.5063 -0.259 -0.3861
1305033557.5677 -0.5235 -0.4453 0.5304 0.7285 0.5028 -0.258 -0.3872
1305033557.5977 -0.5325 -0.4412 0.5277 0.7313 0.5005 -0.2566 -0.3858
1305033557.6377 -0.5444 -0.4345 0.5244 0.7342 0.4966 -0.2536 -0.3874
1305033557.6577 -0.55 -0.4313 0.5228 0.7361 0.4948 -0.2515 -0.3875
1305033557.6978 -0.5614 -0.4243 0.5201 0.7386 0.4923 -0.2498 -0.3869
1305033557.7277 -0.5699 -0.419 0.5179 0.7395 0.4903 -0.2495 -0.3879
1305033557.7677 -0.5812 -0.4112 0.5151 0.7414 0.4882 -0.2459 -0.3893
1305033557.7977 -0.5888 -0.4053 0.5135 0.7438 0.4873 -0.2412 -0.3887
1305033557.8277 -0.5968 -0.3992 0.5118 0.7456 0.486 -0.2393 -0.3881
1305033557.8578 -0.6044 -0.3927 0.5107 0.7478 0.4841 -0.2358 -0.3883
1305033557.8977 -0.6147 -0.384 0.5094 0.7511 0.4803 -0.2323 -0.389
1305033557.9277 -0.6216 -0.3774 0.5091 0.7551 0.478 -0.228 -0.3865
1305033557.9577 -0.6292 -0.3703 0.508 0.7577 0.4736 -0.227 -0.3875
1305033557.9977 -0.6384 -0.3612 0.5071 0.763 0.4682 -0.223 -0.3859
1305033558.0277 -0.6456 -0.3538 0.5063 0.7661 0.4636 -0.2206 -0.3866
1305033558.0577 -0.6527 -0.3468 0.5059 0.7693 0.4596 -0.2176 -0.3868
1305033558.0977 -0.6621 -0.3372 0.5054 0.7733 0.4534 -0.2147 -0.3878
1305033558.1277 -0.669 -0.33 0.5051 0.7759 0.4492 -0.2127 -0.3885
1305033558.1677 -0.6775 -0.32 0.5051 0.7797 0.4432 -0.2087 -0.3899
1305033558.1977 -0.6836 -0.3125 0.5052 0.7823 0.4382 -0.2072 -0.3913
1305033558.1977 -0.6836 -0.3125 0.5052 0.7823 0.4382 -0.2072 -0.3913
1305033558.5676 -0.727 -0.2082 0.5024 0.8135 0.3681 -0.1747 -0.4151
1305033558.5977 -0.7285 -0.1995 0.5026 0.8163 0.362 -0.1719 -0.4159
1305033558.6277 -0.7299 -0.1904 0.5024 0.8179 0.3561 -0.1685 -0.4193
1305033558.6677 -0.7311 -0.1788 0.5029 0.8199 0.3491 -0.1627 -0.4236
1305033558.6977 -0.7318 -0.1704 0.5029 0.8216 0.3444 -0.1587 -0.4256
1305033558.7277 -0.7319 -0.1617 0.5034 0.8243 0.3374 -0.1553 -0.4273
1305033558.7676 -0.7321 -0.1495 0.5048 0.8281 0.3251 -0.1511 -0.4309
1305033558.7977 -0.7318 -0.1406 0.5057 0.8315 0.3153 -0.148 -0.4329
1305033558.8277 -0.7312 -0.1313 0.5068 0.835 0.3049 -0.1457 -0.4343
1305033558.8676 -0.73 -0.1195 0.5089 0.8406 0.2895 -0.1427 -0.435
1305033558.8977 -0.7287 -0.1113 0.5104 0.8444 0.2787 -0.1409 -0.4353
1305033558.9278 -0.7276 -0.1029 0.5117 0.8462 0.2706 -0.1384 -0.4377
1305033558.9676 -0.7263 -0.0931 0.5133 0.8469 0.265 -0.1337 -0.4413
1305033558.9977 -0.7251 -0.0865 0.5143 0.8469 0.2621 -0.1303 -0.4439
1305033559.0276 -0.7241 -0.0798 0.5151 0.8466 0.2583 -0.1276 -0.4475
1305033559.0677 -0.7224 -0.072 0.5165 0.8482 0.2545 -0.1238 -0.4477
1305033559.0977 -0.7214 -0.0661 0.5179 0.8477 0.2521 -0.1215 -0.4506
1305033559.1376 -0.7196 -0.0589 0.5198 0.8492 0.2468 -0.1163 -0.4521
1305033559.1677 -0.7184 -0.0542 0.5214 0.8511 0.2432 -0.1128 -0.4514
1305033559.1677 -0.7184 -0.0542 0.5214 0.8511 0.2432 -0.1128 -0.4514
1305033559.1677 -0.7184 -0.0542 0.5214 0.8511 0.2432 -0.1128 -0.4514
1305033559.1677 -0.7184 -0.0542 0.5214 0.8511 0.2432 -0.1128 -0.4514
1305033559.1677 -0.7184 -0.0542 0.5214 0.8511 0.2432 -0.1128 -0.4514
1305033559.1677 -0.7184 -0.0542 0.5214 0.8511 0.2432 -0.1128 -0.4514
1305033559.1677 -0.7184 -0.0542 0.5214 0.8511 0.2432 -0.1128 -0.4514
1305033559.1677 -0.7184 -0.0542 0.5214 0.8511 0.2432 -0.1128 -0.4514
1305033559.1677 -0.7184 -0.0542 0.5214 0.8511 0.2432 -0.1128 -0.4514
1305033559.7477 -0.6895 -0.0737 0.5116 0.8527 0.2493 -0.1161 -0.4441
1305033559.7477 -0.6895 -0.0737 0.5116 0.8527 0.2493 -0.1161 -0.4441
1305033559.7477 -0.6895 -0.0737 0.5116 0.8527 0.2493 -0.1161 -0.4441
1305033559.7976 -0.685 -0.084 0.5099 0.8539 0.2508 -0.1189 -0.4401
1305033559.8376 -0.6814 -0.0928 0.5088 0.8539 0.2543 -0.1211 -0.4375
1305033559.8676 -0.6785 -0.0997 0.5077 0.8527 0.2585 -0.1242 -0.4366
1305033559.8976 -0.6752 -0.1068 0.507 0.8514 0.2646 -0.1263 -0.4349
1305033559.9377 -0.6707 -0.1165 0.5062 0.8497 0.2726 -0.1278 -0.433
1305033559.9676 -0.667 -0.1236 0.5057 0.8483 0.2776 -0.13 -0.4318
1305033559.9977 -0.6629 -0.1311 0.5053 0.8478 0.2811 -0.1332 -0.4295
1305033560.0377 -0.6573 -0.1413 0.5044 0.8472 0.2866 -0.136 -0.4262
1305033560.0676 -0.6529 -0.1494 0.5037 0.8461 0.2921 -0.1381 -0.4241
1305033560.0977 -0.6487 -0.158 0.5028 0.8441 0.2979 -0.1407 -0.423
1305033560.1376 -0.6427 -0.1696 0.5019 0.8405 0.3077 -0.1453 -0.4216
1305033560.1478 -0.6411 -0.1728 0.5017 0.8403 0.3102 -0.1456 -0.42
1305033560.2276 -0.6249 -0.1997 0.5052 0.8385 0.3335 -0.1363 -0.4088
1305033560.2376 -0.6227 -0.2031 0.5055 0.8383 0.3357 -0.1363 -0.4073
1305033560.2677 -0.6168 -0.2125 0.5059 0.8353 0.3421 -0.14 -0.4069
1305033560.2977 -0.6103 -0.2223 0.5066 0.8333 0.3484 -0.1431 -0.4047
1305033560.3176 -0.6056 -0.2294 0.5072 0.832 0.3541 -0.1452 -0.4018
1305033560.3176 -0.6056 -0.2294 0.5072 0.832 0.3541 -0.1452 -0.4018
1305033560.3176 -0.6056 -0.2294 0.5072 0.832 0.3541 -0.1452 -0.4018
1305033560.3176 -0.6056 -0.2294 0.5072 0.832 0.3541 -0.1452 -0.4018
1305033560.3176 -0.6056 -0.2294 0.5072 0.832 0.3541 -0.1452 -0.4018
1305033560.6576 -0.5104 -0.3544 0.5296 0.7908 0.4234 -0.2052 -0.3914
1305033560.6576 -0.5104 -0.3544 0.5296 0.7908 0.4234 -0.2052 -0.3914
1305033560.6576 -0.5104 -0.3544 0.5296 0.7908 0.4234 -0.2052 -0.3914
1305033560.6576 -0.5104 -0.3544 0.5296 0.7908 0.4234 -0.2052 -0.3914
1305033560.6576 -0.5104 -0.3544 0.5296 0.7908 0.4234 -0.2052 -0.3914
1305033560.6676 -0.5071 -0.3574 0.5303 0.7897 0.4257 -0.2075 -0.3901
1305033560.6977 -0.4978 -0.3664 0.5324 0.7839 0.4318 -0.2153 -0.3909
1305033560.7376 -0.4854 -0.3798 0.5354 0.7801 0.4395 -0.2193 -0.3875
1305033560.7676 -0.4765 -0.3894 0.5371 0.7763 0.4458 -0.2238 -0.3853
1305033560.7977 -0.4679 -0.3985 0.5388 0.7729 0.451 -0.2281 -0.3837
1305033560.8376 -0.4565 -0.4105 0.5413 0.7693 0.4561 -0.2318 -0.3828
1305033560.8576 -0.4505 -0.4166 0.5424 0.7684 0.4578 -0.2343 -0.3808
1305033561.0577 -0.3871 -0.474 0.5459 0.759 0.4876 -0.2406 -0.3581
1305033561.1676 -0.3544 -0.5034 0.5487 0.7441 0.5152 -0.2485 -0.3451
1305033561.2076 -0.3434 -0.513 0.5506 0.7375 0.5252 -0.2524 -0.3415
1305033561.2377 -0.3357 -0.5199 0.5523 0.7341 0.5312 -0.2528 -0.3391
1305033561.2677 -0.3283 -0.5271 0.5534 0.7318 0.5367 -0.2559 -0.3332
1305033561.3076 -0.3196 -0.5354 0.5554 0.726 0.5443 -0.2613 -0.3294
1305033561.3376 -0.3141 -0.5417 0.5578 0.7216 0.5486 -0.2656 -0.3283
1305033561.3677 -0.3088 -0.5473 0.5609 0.7163 0.5548 -0.2699 -0.3259
1305033561.3976 -0.3039 -0.5525 0.5638 0.7111 0.5598 -0.2744 -0.3251
1305033561.4377 -0.2975 -0.5591 0.5665 0.7061 0.5642 -0.2792 -0.3243
1305033561.4676 -0.2932 -0.5635 0.5681 0.7026 0.5672 -0.2844 -0.3222
1305033561.4976 -0.2892 -0.5675 0.5693 0.7004 0.5682 -0.2887 -0.3212
1305033561.5377 -0.2833 -0.5722 0.5705 0.6988 0.5703 -0.2913 -0.3187
1305033561.5676 -0.2797 -0.5756 0.5707 0.6961 0.5708 -0.2965 -0.3191
1305033561.6078 -0.274 -0.5797 0.5715 0.6922 0.5733 -0.3014 -0.3183
1305033561.6376 -0.2692 -0.5827 0.5725 0.6896 0.5749 -0.3041 -0.3184
1305033561.6677 -0.264 -0.5856 0.5735 0.6866 0.5761 -0.308 -0.3191
1305033561.7076 -0.2573 -0.5899 0.5748 0.682 0.5779 -0.3157 -0.3182
1305033561.7376 -0.2514 -0.5933 0.5757 0.6797 0.5808 -0.3195 -0.3141
1305033561.7676 -0.2458 -0.5969 0.5767 0.6756 0.5838 -0.3227 -0.3139
1305033561.7976 -0.2397 -0.6001 0.5787 0.6713 0.5871 -0.3261 -0.3135
1305033561.8376 -0.2314 -0.6043 0.5817 0.6658 0.5906 -0.331 -0.3136
1305033561.8676 -0.2254 -0.6073 0.5831 0.6631 0.5913 -0.3347 -0.3141
1305033561.8976 -0.2196 -0.6105 0.585 0.6618 0.5918 -0.3366 -0.3137
1305033561.9376 -0.212 -0.6151 0.5874 0.6601 0.5935 -0.3382 -0.3125
1305033561.9676 -0.2063 -0.6188 0.5902 0.6582 0.5953 -0.3392 -0.3121
1305033561.9976 -0.2012 -0.6227 0.5943 0.6573 0.5948 -0.3416 -0.3123
1305033562.0377 -0.1956 -0.6282 0.6002 0.6541 0.5955 -0.348 -0.3107
1305033562.0377 -0.1956 -0.6282 0.6002 0.6541 0.5955 -0.348 -0.3107
1305033562.4376 -0.1673 -0.6743 0.6893 0.6227 0.5962 -0.3868 -0.3274
1305033562.4776 -0.1651 -0.6777 0.6931 0.6207 0.5965 -0.3886 -0.3286
1305033562.5076 -0.163 -0.6795 0.6953 0.619 0.5975 -0.3887 -0.3298
1305033562.5376 -0.1604 -0.6809 0.6976 0.6167 0.5987 -0.3886 -0.332
1305033562.5676 -0.1574 -0.6817 0.6998 0.6161 0.5987 -0.3887 -0.3329
1305033562.6076 -0.1532 -0.6825 0.7024 0.6162 0.5986 -0.3899 -0.3316
1305033562.6376 -0.1502 -0.6829 0.7039 0.6153 0.5987 -0.3911 -0.3316
1305033562.6676 -0.1472 -0.683 0.7051 0.6135 0.5996 -0.3912 -0.3333
1305033562.6976 -0.1443 -0.6832 0.7056 0.6119 0.6007 -0.3912 -0.3341
1305033562.7377 -0.1405 -0.6832 0.7058 0.6096 0.602 -0.3919 -0.3354
1305033562.7776 -0.1366 -0.6828 0.7053 0.609 0.6005 -0.3937 -0.337
1305033562.8076 -0.1335 -0.6825 0.7048 0.6102 0.5988 -0.3946 -0.3367
1305033562.8376 -0.1306 -0.6822 0.7036 0.6122 0.5971 -0.3951 -0.3355
1305033562.8677 -0.1277 -0.6814 0.7018 0.6133 0.5965 -0.3933 -0.3366
1305033562.8976 -0.1244 -0.6807 0.7002 0.6157 0.5947 -0.3903 -0.3388
1305033562.9377 -0.1192 -0.6797 0.6985 0.6188 0.593 -0.3878 -0.3393
1305033562.9676 -0.1146 -0.6795 0.698 0.6215 0.5914 -0.3874 -0.3375
1305033562.9976 -0.1096 -0.6792 0.6975 0.6226 0.5913 -0.3875 -0.3355
1305033563.0377 -0.103 -0.6792 0.6967 0.6235 0.5908 -0.3868 -0.3355
1305033563.0676 -0.0979 -0.6793 0.696 0.6233 0.5921 -0.386 -0.3345
1305033563.0976 -0.0928 -0.6794 0.6949 0.6227 0.594 -0.3851 -0.3332
1305033563.1376 -0.0864 -0.6793 0.6936 0.6225 0.5951 -0.3817 -0.3357
1305033563.1676 -0.0813 -0.6786 0.6926 0.6229 0.5953 -0.3792 -0.3376
1305033563.1976 -0.0758 -0.6777 0.6918 0.6246 0.5939 -0.3786 -0.3375
1305033563.2376 -0.0682 -0.6761 0.6909 0.6274 0.5904 -0.3785 -0.3386
1305033563.2676 -0.0613 -0.6744 0.6896 0.6293 0.5888 -0.3766 -0.3399
1305033563.3076 -0.051 -0.6714 0.6864 0.6328 0.5865 -0.3702 -0.3443
1305033563.3376 -0.0421 -0.6688 0.6835 0.637 0.5836 -0.3641 -0.3481
1305033563.3676 -0.0323 -0.6665 0.6806 0.642 0.5817 -0.3582 -0.348
1305033563.4076 -0.0191 -0.6637 0.6767 0.6491 0.5758 -0.3529 -0.3502
1305033563.4375 -0.0086 -0.6618 0.6743 0.6551 0.5714 -0.3484 -0.3506
1305033563.4476 -0.0053 -0.6614 0.6737 0.6564 0.5705 -0.3473 -0.3508
1305033564.8076 0.4198 -0.7005 0.6161 0.7387 0.4896 -0.2684 -0.3777
1305033564.8375 0.4315 -0.7013 0.6157 0.7419 0.4858 -0.2656 -0.3783
1305033564.8675 0.443 -0.7023 0.6155 0.745 0.482 -0.2644 -0.3778
1305033564.9076 0.4575 -0.7037 0.6153 0.748 0.4767 -0.2636 -0.3791
1305033564.9376 0.468 -0.7052 0.6147 0.7508 0.4729 -0.261 -0.3802
1305033564.9776 0.4823 -0.7066 0.6132 0.7544 0.469 -0.2568 -0.3807
1305033565.0076 0.4928 -0.708 0.612 0.7577 0.4658 -0.2534 -0.3804
1305033565.0375 0.503 -0.7091 0.6109 0.7607 0.4617 -0.2508 -0.3813
1305033565.0776 0.5167 -0.7108 0.6096 0.7657 0.4559 -0.246 -0.3812
1305033565.1075 0.5263 -0.712 0.6085 0.7686 0.4509 -0.2441 -0.3825
1305033565.1375 0.536 -0.7132 0.6077 0.7716 0.4465 -0.2407 -0.384
1305033565.1675 0.5456 -0.7145 0.6072 0.7755 0.4412 -0.2364 -0.3849
1305033565.2075 0.5583 -0.7163 0.6068 0.7803 0.4335 -0.2312 -0.387
1305033565.2375 0.5673 -0.7179 0.6064 0.7836 0.4267 -0.2289 -0.3892
1305033565.2776 0.5796 -0.7204 0.6058 0.7887 0.4177 -0.2242 -0.3913
1305033565.3076 0.5887 -0.7226 0.6055 0.7925 0.411 -0.2201 -0.3933
1305033565.3376 0.5981 -0.7252 0.6052 0.7967 0.4045 -0.216 -0.3937
1305033565.3675 0.6074 -0.728 0.6049 0.8003 0.3979 -0.2121 -0.3952
1305033565.4075 0.6194 -0.7321 0.6046 0.8043 0.3902 -0.2071 -0.3975
1305033565.4376 0.6283 -0.7352 0.6046 0.807 0.384 -0.2031 -0.4
1305033565.4675 0.6372 -0.7386 0.6043 0.8101 0.3774 -0.1996 -0.4018
1305033565.5076 0.6491 -0.7433 0.6035 0.8145 0.3675 -0.1971 -0.4033
1305033565.5376 0.6582 -0.7471 0.6024 0.8182 0.3599 -0.1938 -0.4043
1305033565.5776 0.6709 -0.7523 0.601 0.8229 0.3517 -0.1868 -0.4052
1305033565.6076 0.6804 -0.7563 0.6001 0.8267 0.3455 -0.1819 -0.4052
1305033565.6377 0.6894 -0.7608 0.5999 0.8301 0.3396 -0.1786 -0.4046
1305033565.6776 0.7013 -0.7661 0.5999 0.8326 0.3312 -0.176 -0.4076
1305033565.7076 0.7108 -0.77 0.5998 0.8359 0.3243 -0.1723 -0.4079
1305033565.7376 0.7198 -0.7738 0.5997 0.8387 0.3176 -0.17 -0.4083
1305033565.7776 0.7318 -0.7783 0.599 0.8407 0.3101 -0.1682 -0.4107
1305033565.8076 0.7413 -0.7819 0.5988 0.843 0.3058 -0.1644 -0.411
1305033565.8376 0.7508 -0.785 0.5984 0.8453 0.2999 -0.1605 -0.4122
1305033565.8776 0.7642 -0.7891 0.5979 0.8484 0.2929 -0.1566 -0.4123
1305033565.9076 0.7736 -0.7916 0.5975 0.8503 0.2867 -0.1546 -0.4133
1305033565.9375 0.7837 -0.7938 0.5973 0.8523 0.2807 -0.1514 -0.4146
1305033565.9776 0.7967 -0.7969 0.5967 0.8542 0.2744 -0.1471 -0.4165
1305033566.0076 0.8068 -0.7994 0.5966 0.8557 0.2712 -0.1431 -0.4169
1305033566.0375 0.817 -0.8018 0.5968 0.8562 0.2669 -0.1396 -0.4199
1305033566.0776 0.8312 -0.8056 0.5975 0.859 0.2602 -0.1362 -0.4193
1305033566.1076 0.8421 -0.8084 0.5979 0.861 0.2543 -0.134 -0.4195
1305033566.1376 0.8529 -0.811 0.5983 0.8631 0.2484 -0.1316 -0.4196
1305033566.1777 0.8673 -0.8144 0.5987 0.8646 0.242 -0.1277 -0.4214
1305033566.2075 0.8782 -0.8175 0.5991 0.8664 0.2376 -0.1246 -0.4211
1305033566.2376 0.8893 -0.8205 0.5996 0.8686 0.2327 -0.1211 -0.4204
1305033566.2776 0.9035 -0.8244 0.6 0.8704 0.2236 -0.1189 -0.4223
1305033566.3075 0.9143 -0.8278 0.6003 0.8723 0.2168 -0.1174 -0.4222
1305033566.3375 0.9244 -0.8313 0.6 0.8742 0.2091 -0.116 -0.4226
1305033566.3776 0.9377 -0.8366 0.5991 0.8756 0.2002 -0.1138 -0.4246
1305033566.4075 0.9477 -0.8411 0.5982 0.8777 0.1941 -0.1108 -0.424
1305033566.4375 0.9574 -0.846 0.5972 0.88 0.188 -0.1074 -0.4227
1305033566.4776 0.9704 -0.8533 0.5961 0.8822 0.1788 -0.1028 -0.4232
1305033566.5076 0.9799 -0.8591 0.5953 0.8841 0.1709 -0.1008 -0.4232
1305033566.5375 0.9892 -0.8652 0.5948 0.8864 0.1629 -0.0988 -0.4219
1305033566.5776 1.0014 -0.8737 0.5939 0.8892 0.1537 -0.0957 -0.4202
1305033566.6076 1.0101 -0.8801 0.593 0.8903 0.1469 -0.0927 -0.4209
1305033566.6376 1.0188 -0.8864 0.5922 0.8916 0.141 -0.0889 -0.421
1305033566.6776 1.0302 -0.8949 0.5912 0.8935 0.1317 -0.0822 -0.4214
1305033566.7076 1.0384 -0.9014 0.5907 0.896 0.1235 -0.0777 -0.4195
1305033566.7376 1.0464 -0.9079 0.5901 0.8981 0.1143 -0.0746 -0.4182
1305033566.7775 1.0565 -0.9163 0.5895 0.8998 0.1021 -0.0701 -0.4183
1305033566.8075 1.0634 -0.9225 0.5891 0.9005 0.0935 -0.067 -0.4193
1305033566.8376 1.0702 -0.9289 0.5889 0.9017 0.0852 -0.063 -0.4193
1305033566.8776 1.0784 -0.9369 0.5887 0.9019 0.0731 -0.0595 -0.4216
1305033566.9076 1.0841 -0.9432 0.5883 0.9026 0.0654 -0.0559 -0.4219
1305033566.9375 1.0892 -0.9494 0.5878 0.9023 0.0573 -0.0526 -0.424
1305033566.9776 1.0958 -0.9578 0.5864 0.9033 0.0472 -0.0478 -0.4238
1305033567.0075 1.1005 -0.964 0.5854 0.9036 0.0397 -0.0429 -0.4244
1305033567.0376 1.1051 -0.9705 0.584 0.9045 0.0327 -0.0371 -0.4237
1305033567.0775 1.1102 -0.9796 0.5821 0.9044 0.0236 -0.0308 -0.425
1305033567.1076 1.1139 -0.9866 0.5807 0.9053 0.016 -0.0268 -0.4236
1305033567.1375 1.1175 -0.9937 0.5789 0.9057 0.008 -0.0236 -0.4232
1305033567.1775 1.1216 -1.0031 0.5762 0.9061 -0.001 -0.0177 -0.4227
1305033567.2075 1.1244 -1.0104 0.5739 0.9075 -0.0084 -0.0131 -0.4198
1305033567.2376 1.1271 -1.0176 0.5715 0.9079 -0.0163 -0.0086 -0.4189
1305033567.2775 1.1301 -1.0271 0.5686 0.909 -0.0271 -0.0037 -0.416
1305033567.3075 1.132 -1.0343 0.5663 0.9095 -0.0343 -0.0009 -0.4143
1305033567.3376 1.1333 -1.0413 0.5641 0.9104 -0.0408 0.0011 -0.4116
1305033567.3776 1.1347 -1.05 0.5619 0.911 -0.0472 0.0025 -0.4098
1305033567.4075 1.1357 -1.056 0.5599 0.9116 -0.0519 0.004 -0.4078
1305033567.4376 1.1366 -1.0621 0.5582 0.912 -0.0563 0.0066 -0.4062
1305033567.4775 1.1376 -1.0695 0.5561 0.9127 -0.0613 0.0077 -0.4039
1305033567.5076 1.1384 -1.0743 0.5543 0.9126 -0.0654 0.0082 -0.4036
1305033567.5375 1.1392 -1.0791 0.5532 0.9132 -0.0695 0.0099 -0.4013
1305033567.5776 1.1404 -1.0843 0.5513 0.9133 -0.0744 0.0109 -0.4002
1305033567.6075 1.1413 -1.0877 0.5497 0.9139 -0.0768 0.0108 -0.3984
1305033567.6376 1.142 -1.0903 0.5484 0.9139 -0.079 0.0117 -0.398
1305033567.6775 1.1438 -1.0924 0.5465 0.9138 -0.0813 0.0133 -0.3978
1305033567.7076 1.1454 -1.0934 0.5456 0.9137 -0.083 0.015 -0.3975
1305033567.7375 1.1476 -1.0926 0.5453 0.9128 -0.086 0.0172 -0.3989
1305033567.7775 1.1503 -1.091 0.5462 0.9121 -0.0903 0.0183 -0.3995
1305033567.8076 1.1528 -1.0889 0.5472 0.9117 -0.093 0.0187 -0.3997
1305033567.8475 1.1558 -1.0847 0.5488 0.9108 -0.0971 0.0186 -0.4009
1305033567.8775 1.1583 -1.0806 0.5501 0.9105 -0.0993 0.0193 -0.4009
1305033567.9075 1.1612 -1.076 0.5517 0.91 -0.1019 0.0204 -0.4014
1305033567.9475 1.1654 -1.0694 0.5538 0.9085 -0.1043 0.0233 -0.4039
1305033567.9775 1.1687 -1.0637 0.5557 0.9074 -0.1055 0.0242 -0.406
1305033568.0075 1.1719 -1.0576 0.5571 0.9062 -0.1075 0.0254 -0.4081
1305033568.0476 1.176 -1.0488 0.5586 0.9051 -0.1101 0.0258 -0.41
1305033568.0775 1.1791 -1.0417 0.5591 0.9046 -0.1099 0.0276 -0.4109
1305033568.1075 1.1823 -1.0341 0.5598 0.9041 -0.109 0.0289 -0.4121
1305033568.1475 1.1865 -1.0232 0.5603 0.903 -0.109 0.0303 -0.4145
1305033568.1775 1.1896 -1.0147 0.5604 0.9021 -0.1087 0.0297 -0.4165
1305033568.2076 1.1929 -1.006 0.5604 0.9019 -0.1092 0.0291 -0.417
1305033568.2476 1.1978 -0.9949 0.5598 0.9013 -0.1108 0.0306 -0.4176
1305033568.2776 1.2013 -0.986 0.5592 0.9015 -0.1102 0.0304 -0.4173
1305033568.3076 1.2051 -0.9767 0.5586 0.9018 -0.1108 0.0309 -0.4167
1305033568.3475 1.2101 -0.9642 0.5583 0.9015 -0.1116 0.0308 -0.4171
1305033568.3775 1.214 -0.9543 0.5584 0.9011 -0.1124 0.03 -0.4178
1305033568.4075 1.2179 -0.944 0.5582 0.901 -0.1135 0.0273 -0.4179
1305033568.4475 1.2229 -0.9301 0.5578 0.9011 -0.1128 0.026 -0.4178
1305033568.4776 1.2266 -0.9198 0.5569 0.9016 -0.1121 0.0266 -0.4169
1305033568.5076 1.2304 -0.9089 0.5559 0.9014 -0.1113 0.0269 -0.4176
1305033568.5475 1.2358 -0.8949 0.5548 0.9026 -0.1118 0.026 -0.415
1305033568.5776 1.2397 -0.8843 0.5541 0.9026 -0.1129 0.0269 -0.4145
1305033568.6075 1.2435 -0.8736 0.554 0.903 -0.1139 0.0275 -0.4134
1305033568.6275 1.2459 -0.8664 0.5541 0.9028 -0.1148 0.0277 -0.4134
1305033568.7075 1.2547 -0.8372 0.5568 0.9035 -0.1115 0.0275 -0.4129
1305033568.7475 1.2589 -0.8224 0.5589 0.9037 -0.1118 0.025 -0.4126
1305033568.8475 1.2704 -0.7837 0.5627 0.9008 -0.1098 0.0256 -0.4193
1305033568.8775 1.2736 -0.7724 0.5633 0.9009 -0.1101 0.0274 -0.419
1305033568.9176 1.2785 -0.7566 0.5641 0.9006 -0.1107 0.0283 -0.4194
1305033568.9479 1.2823 -0.7446 0.5651 0.9 -0.1129 0.0296 -0.42
1305033568.9775 1.2861 -0.7324 0.566 0.8991 -0.1138 0.0307 -0.4216
1305033569.0075 1.2899 -0.7199 0.5668 0.8988 -0.1146 0.0305 -0.4219
1305033569.0376 1.2938 -0.7072 0.5679 0.8982 -0.1153 0.0318 -0.423
1305033569.0676 1.2977 -0.6936 0.5688 0.8975 -0.1145 0.0337 -0.4245
1305033569.9079 1.4125 -0.3129 0.5896 0.8892 -0.1243 0.0594 -0.4364
1305033569.948 1.416 -0.2985 0.5887 0.8903 -0.1245 0.0546 -0.4346
1305033569.978 1.4185 -0.2866 0.5878 0.8888 -0.1231 0.0541 -0.4382
1305033570.008 1.4216 -0.2765 0.5869 0.8894 -0.1204 0.0555 -0.4374
1305033570.048 1.425 -0.263 0.5862 0.8902 -0.1186 0.0542 -0.4365
1305033570.078 1.4275 -0.2532 0.586 0.8908 -0.1174 0.0512 -0.4361
1305033570.108 1.4307 -0.2432 0.5858 0.8897 -0.1173 0.0499 -0.4385
1305033570.148 1.4338 -0.2319 0.5849 0.8914 -0.1169 0.0493 -0.4351
1305033570.178 1.4362 -0.2234 0.5837 0.8927 -0.1154 0.0478 -0.433
1305033570.208 1.4382 -0.2151 0.5823 0.8937 -0.1136 0.047 -0.4315
1305033570.2481 1.4404 -0.2039 0.5804 0.8941 -0.1101 0.0471 -0.4315
1305033570.2781 1.442 -0.1959 0.5791 0.8946 -0.1058 0.0452 -0.4318
1305033570.3081 1.4432 -0.1878 0.5778 0.8936 -0.1026 0.045 -0.4346
1305033570.3481 1.4446 -0.178 0.5758 0.8935 -0.0974 0.0446 -0.436
1305033570.3781 1.4454 -0.1716 0.5739 0.8944 -0.0944 0.044 -0.4349
1305033570.4182 1.4465 -0.1633 0.5706 0.8939 -0.0926 0.0443 -0.4363
1305033570.4482 1.4469 -0.1579 0.5683 0.894 -0.0925 0.0435 -0.4362
1305033570.4782 1.4472 -0.1534 0.566 0.8943 -0.0923 0.0426 -0.4357
1305033570.5182 1.4472 -0.1483 0.5635 0.8953 -0.0915 0.0404 -0.4342
1305033570.5482 1.4473 -0.1449 0.5618 0.8951 -0.0908 0.0402 -0.4348
1305033570.5783 1.4471 -0.1421 0.5603 0.8952 -0.0907 0.0396 -0.4346
1305033570.6083 1.4468 -0.14 0.5589 0.8954 -0.0898 0.0391 -0.4345
1305033570.6383 1.4467 -0.1384 0.5576 0.896 -0.0882 0.039 -0.4334
1305033570.6783 1.4461 -0.1368 0.5562 0.896 -0.0869 0.0394 -0.4337
1305033570.7083 1.4459 -0.136 0.5554 0.8964 -0.0866 0.0392 -0.433
1305033570.7482 1.4456 -0.1356 0.5546 0.8968 -0.0868 0.038 -0.4322
1305033570.7787 1.4453 -0.1356 0.5543 0.8968 -0.0876 0.0374 -0.432
1305033570.8082 1.445 -0.1357 0.5541 0.8966 -0.0873 0.0371 -0.4325
1305033570.8484 1.4445 -0.1362 0.554 0.896 -0.0862 0.0379 -0.434
1305033570.8783 1.444 -0.1374 0.5543 0.8963 -0.086 0.0378 -0.4333
1305033570.9082 1.4436 -0.1385 0.5543 0.896 -0.0866 0.0372 -0.4339
1305033570.9484 1.4433 -0.1407 0.555 0.8958 -0.0873 0.0375 -0.4342
1305033570.9784 1.4429 -0.1426 0.5555 0.8953 -0.0879 0.0381 -0.435
1305033571.0084 1.4425 -0.1451 0.5563 0.896 -0.0889 0.0376 -0.4335
1305033571.0484 1.442 -0.1485 0.5574 0.8959 -0.0898 0.0364 -0.4335
1305033571.0784 1.4418 -0.1514 0.5581 0.8957 -0.0903 0.038 -0.4338
1305033571.1083 1.4415 -0.1542 0.5588 0.8954 -0.0902 0.0382 -0.4344
1305033571.1484 1.4413 -0.1585 0.5596 0.8957 -0.0895 0.0387 -0.4338
1305033571.1784 1.4412 -0.1612 0.5604 0.8954 -0.0888 0.0395 -0.4346
1305033571.2083 1.4411 -0.1647 0.561 0.8961 -0.0895 0.0402 -0.4329
1305033571.2484 1.4414 -0.1687 0.5619 0.8956 -0.0899 0.0416 -0.4337
1305033571.2784 1.4415 -0.172 0.5626 0.8957 -0.0907 0.0421 -0.4334
1305033571.3083 1.4417 -0.1751 0.563 0.8956 -0.091 0.0426 -0.4333
1305033571.3484 1.4418 -0.1788 0.5639 0.8948 -0.0919 0.0444 -0.4347
1305033571.3784 1.4416 -0.1819 0.5645 0.895 -0.0923 0.0452 -0.4341
1305033571.4083 1.4412 -0.1849 0.565 0.8947 -0.093 0.0453 -0.4346
1305033571.4487 1.4412 -0.1887 0.5659 0.894 -0.094 0.0473 -0.4355
1305033571.4784 1.4406 -0.1918 0.5662 0.8934 -0.0954 0.0477 -0.4364
1305033571.5084 1.4401 -0.1951 0.5667 0.8943 -0.0965 0.0474 -0.4343
1305033571.5484 1.4394 -0.199 0.5673 0.8934 -0.0981 0.0484 -0.4358
1305033571.5784 1.4387 -0.2021 0.5678 0.8927 -0.0987 0.0499 -0.4368
1305033571.6085 1.4378 -0.2058 0.5683 0.8932 -0.0999 0.0496 -0.4355
1305033571.6484 1.4365 -0.2104 0.5688 0.8928 -0.1014 0.0493 -0.4362
1305033571.6783 1.4352 -0.2139 0.5695 0.8923 -0.1022 0.0495 -0.4368
1305033571.7084 1.4339 -0.2176 0.5699 0.892 -0.1027 0.0496 -0.4373
1305033571.7483 1.4324 -0.223 0.5704 0.8918 -0.1024 0.0504 -0.4377
1305033571.7783 1.4311 -0.2273 0.5708 0.8915 -0.1037 0.0505 -0.438
1305033571.8083 1.43 -0.2318 0.5711 0.8918 -0.1048 0.0493 -0.4374
1305033571.8484 1.4286 -0.2377 0.5709 0.891 -0.1051 0.051 -0.4387
1305033571.8783 1.4279 -0.2425 0.5707 0.8906 -0.1057 0.0521 -0.4393
1305033571.9085 1.4268 -0.2477 0.5706 0.8908 -0.1061 0.0522 -0.4388
1305033571.9484 1.4258 -0.2548 0.5708 0.8904 -0.1076 0.0536 -0.439
1305033571.9784 1.425 -0.2601 0.5711 0.8903 -0.1081 0.0535 -0.4391
1305033572.0084 1.4243 -0.2657 0.5713 0.8898 -0.1087 0.0537 -0.44
1305033572.0483 1.4231 -0.2737 0.5714 0.8906 -0.1089 0.0538 -0.4383
1305033572.0784 1.4225 -0.279 0.5713 0.8893 -0.1093 0.0566 -0.4404
1305033572.1084 1.4217 -0.2852 0.5717 0.8901 -0.1096 0.0579 -0.4386
1305033572.1483 1.4207 -0.2927 0.5724 0.8897 -0.1115 0.0587 -0.4388
1305033572.1783 1.4201 -0.2983 0.5732 0.8893 -0.1133 0.0594 -0.4392
1305033572.2183 1.419 -0.3054 0.5744 0.8888 -0.115 0.0598 -0.4396
1305033572.2483 1.4176 -0.3107 0.5756 0.8884 -0.1157 0.0603 -0.4402
1305033572.2784 1.4166 -0.3159 0.5768 0.8881 -0.1154 0.0616 -0.4407
1305033572.3184 1.4145 -0.3236 0.579 0.8884 -0.1154 0.0631 -0.4397
1305033572.3484 1.4126 -0.3298 0.5814 0.8884 -0.1135 0.0644 -0.4401
1305033572.3783 1.4104 -0.3369 0.5848 0.8901 -0.1117 0.0652 -0.4371
1305033572.4183 1.4068 -0.346 0.5912 0.89 -0.1103 0.0649 -0.4377
1305033572.4483 1.4039 -0.3537 0.5967 0.8914 -0.1086 0.0626 -0.4355
1305033572.4784 1.4005 -0.3617 0.6029 0.8926 -0.108 0.0609 -0.4334
1305033572.5184 1.3957 -0.3724 0.6119 0.8949 -0.1044 0.0595 -0.4298
1305033572.5483 1.3921 -0.3806 0.6189 0.897 -0.1003 0.0611 -0.4262
1305033572.5784 1.3886 -0.3884 0.627 0.8987 -0.0969 0.0625 -0.423
1305033572.6185 1.383 -0.3978 0.6386 0.9002 -0.0942 0.0617 -0.4206
1305033572.6484 1.379 -0.4047 0.6481 0.9023 -0.0936 0.0596 -0.4166
1305033572.6784 1.3743 -0.4115 0.658 0.9054 -0.0935 0.058 -0.4102
1305033572.7183 1.3677 -0.4192 0.6724 0.9094 -0.0887 0.0527 -0.4029
1305033572.7484 1.3623 -0.424 0.6842 0.9111 -0.0836 0.0502 -0.4005
1305033572.7783 1.3565 -0.4277 0.6963 0.913 -0.0801 0.0486 -0.397
1305033572.8183 1.3475 -0.4327 0.7123 0.9164 -0.0736 0.0425 -0.391
1305033572.8483 1.34 -0.4359 0.7245 0.9198 -0.0653 0.0348 -0.3854
1305033572.8783 1.3321 -0.4387 0.7364 0.9225 -0.0565 0.0274 -0.3809
1305033572.9183 1.3212 -0.4419 0.752 0.9266 -0.043 0.0181 -0.3733
1305033572.9484 1.3125 -0.4437 0.7628 0.9287 -0.0298 0.0118 -0.3695
1305033572.9783 1.3034 -0.4453 0.7732 0.9311 -0.015 0.005 -0.3644
1305033573.0183 1.291 -0.446 0.786 0.9323 0.0037 -0.0027 -0.3617
1305033573.0483 1.2809 -0.4457 0.7946 0.9334 0.0179 -0.0108 -0.3582
1305033573.0783 1.2705 -0.4444 0.8032 0.9331 0.0341 -0.0191 -0.3575
1305033573.1183 1.2563 -0.4418 0.8144 0.9313 0.0556 -0.0323 -0.3585
1305033573.1484 1.2453 -0.4392 0.8218 0.9291 0.0716 -0.0425 -0.3604
1305033573.1784 1.2338 -0.4358 0.8284 0.9256 0.0875 -0.0531 -0.3643
1305033573.2184 1.218 -0.4306 0.8365 0.9215 0.1095 -0.0654 -0.3669
1305033573.2483 1.2054 -0.4256 0.8422 0.9175 0.1275 -0.0731 -0.3695
1305033573.2784 1.1915 -0.4195 0.8478 0.9125 0.1445 -0.0805 -0.3741
1305033573.3183 1.172 -0.4099 0.8569 0.9046 0.1701 -0.0935 -0.3795
1305033573.3483 1.1561 -0.4022 0.8649 0.8972 0.1891 -0.1061 -0.3847
1305033573.3783 1.1394 -0.3932 0.8744 0.8882 0.2071 -0.1173 -0.393
1305033573.4183 1.1155 -0.3804 0.8885 0.8749 0.2251 -0.1333 -0.4076
1305033573.4483 1.0969 -0.3702 0.8998 0.8659 0.2335 -0.1456 -0.4178
1305033573.4783 1.0779 -0.3602 0.9111 0.8579 0.2395 -0.1547 -0.4274
1305033573.5183 1.0521 -0.3469 0.9264 0.846 0.2467 -0.1617 -0.4442
1305033573.5483 1.0329 -0.3373 0.9381 0.8364 0.2507 -0.1651 -0.4587
1305033573.5783 1.014 -0.3286 0.9496 0.8283 0.2535 -0.1686 -0.4703
1305033573.6084 0.9957 -0.3201 0.9612 0.8216 0.2526 -0.171 -0.4816
1305033573.6483 0.9716 -0.3094 0.9763 0.8168 0.2414 -0.1709 -0.4954
1305033573.6783 0.954 -0.3025 0.9871 -0.8141 -0.2279 0.1706 0.5061
1305033573.7083 0.9369 -0.2967 0.9981 -0.8116 -0.2144 0.1689 0.5165
1305033573.7483 0.9137 -0.2913 1.0119 -0.8099 -0.1999 0.1651 0.5262
1305033573.7784 0.8962 -0.2887 1.0219 -0.8065 -0.1929 0.162 0.5348
1305033573.8084 0.8785 -0.2866 1.0312 -0.8029 -0.1875 0.1572 0.5436
1305033573.8483 0.8552 -0.2847 1.0421 -0.8002 -0.1795 0.1478 0.5528
1305033573.8783 0.8375 -0.283 1.0496 -0.7991 -0.1714 0.1419 0.5585
1305033573.9183 0.8132 -0.2799 1.0591 -0.7984 -0.1567 0.1369 0.565
1305033573.9483 0.7947 -0.2773 1.0656 -0.8 -0.1429 0.1359 0.5667
1305033573.9784 0.7755 -0.2743 1.0713 -0.8016 -0.129 0.1368 0.5675
